***********************************************************
******Simulation Results Single Damper System**************

Time	Disp	Vel	Acc	Force
0.00200000	0.00000000	0.00947489	4.73744526	-659.87132117
0.00400000	-0.02540706	0.01905529	4.81657899	-670.42809979
0.00600000	-0.07286644	0.02868365	4.89363576	-680.76625970
0.00800000	-0.13085372	0.03846726	4.96909679	-690.91402547
0.01000000	-0.19950054	0.04845252	5.04316807	-700.84011055
0.01200000	-0.28471178	0.05861788	5.11562124	-710.50832964
0.01400000	-0.39064141	0.06893045	5.18619219	-719.90475304
0.01600000	-0.51819767	0.07937485	5.25477922	-729.03166412
0.01800000	-0.66689124	0.08994955	5.32139901	-737.89421664
0.02000000	-0.83642319	0.10065534	5.38608917	-746.49443403
0.02200000	-1.02700780	0.11149006	5.44886448	-754.83189706
0.02400000	-1.23906271	0.12244929	5.50972188	-762.90593100
0.02600000	-1.47294438	0.13352833	5.56865643	-770.71655975
0.02800000	-1.72890431	0.14472305	5.62566832	-778.26432793
0.03000000	-2.00714970	0.15602974	5.68076152	-785.54989647
0.03200000	-2.30789065	0.16744470	5.73394085	-792.57387375
0.03400000	-2.63134682	0.17896416	5.78521076	-799.33684911
0.03600000	-2.97773625	0.19058427	5.83457554	-805.83946382
0.03800000	-3.34726712	0.20230122	5.88203988	-812.08243887
0.04000000	-3.74013694	0.21411118	5.92760904	-818.06656735
0.04200000	-4.15653458	0.22601039	5.97128881	-823.79270081
0.04400000	-4.59664179	0.23799508	6.01308541	-829.26174370
0.04600000	-5.06063330	0.25006148	6.05300543	-834.47465395
0.04800000	-5.54867648	0.26220585	6.09105587	-839.43244453
0.05000000	-6.06093110	0.27442446	6.12724412	-194.13618359
0.05200000	-6.59754937	0.28215885	1.41705243	-184.54757729
0.05400000	-7.15430345	0.28567131	1.34706261	-177.53206677
0.05600000	-7.72319072	0.28759115	1.29585450	-171.44862992
0.05800000	-8.29753659	0.28966044	1.25144985	-165.22165223
0.06000000	-8.87499792	0.29214512	1.20599746	-158.69818703
0.06200000	-9.45632828	0.29469743	1.15838093	-152.09788112
0.06400000	-10.04270336	0.29706762	1.11020351	-145.57306625
0.06600000	-10.63435692	0.29923924	1.06257713	-139.13245989
0.06800000	-11.23079247	0.30128585	1.01556540	-132.73246405
0.07000000	-11.83145275	0.30325400	0.96885010	-126.34755043
0.07200000	-12.43603599	0.30514642	0.92224489	-119.97852151
0.07400000	-13.04442205	0.30695032	0.87575563	-113.63470418
0.07600000	-13.65650548	0.30865830	0.82945040	-107.32180599
0.07800000	-14.27212345	0.31027075	0.78337085	-101.04096602
0.08000000	-14.89107484	0.31179053	0.73752530	-94.79201716
0.08200000	-15.51315770	0.31321946	0.69191253	-88.57550903
0.08400000	-16.13818404	0.31455796	0.64653656	-82.39276454
0.08600000	-16.76597500	0.31580605	0.60140704	-76.24527906
0.08800000	-17.39635273	0.31696403	0.55653488	-70.13438343
0.09000000	-18.02913758	0.31803243	0.51192981	-64.06125190
0.09200000	-18.66414926	0.31901188	0.46760038	-58.02701110
0.09400000	-19.30120862	0.31990297	0.42355483	-52.03279536
0.09600000	-19.94013819	0.32070628	0.37980143	-46.07974197
0.09800000	-20.58076196	0.32142239	0.33634848	-40.16897143
0.10000000	-21.22290507	0.32205189	0.29320417	-34.30157832
0.10200000	-21.86639373	0.32259542	0.25037648	-28.47863258
0.10400000	-22.51105533	0.32305361	0.20787323	-22.70118296
0.10600000	-23.15671854	0.32342713	0.16570207	-16.97025837
0.10800000	-23.80321335	0.32371664	0.12387050	-11.28686750
0.11000000	-24.45037107	0.32392284	0.08238589	-5.65199811
0.11200000	-25.09802439	0.32404642	0.04125546	-0.06661677
0.11400000	-25.74600737	0.32408811	0.00048625	5.46833113
0.11600000	-26.39415550	0.32404861	-0.03991483	10.95192132
0.11800000	-27.04230569	0.32392870	-0.07994103	16.38325064
0.12000000	-27.69029635	0.32372910	-0.11958577	21.76143710
0.12200000	-28.33796737	0.32345061	-0.15884261	27.08561993
0.12400000	-28.98516018	0.32309400	-0.19770525	32.35495960
0.12600000	-29.63171774	0.32266006	-0.23616759	37.56863784
0.12800000	-30.27748462	0.32214960	-0.27422363	42.72585765
0.13000000	-30.92230697	0.32156344	-0.31186757	47.82584330
0.13200000	-31.56603256	0.32090241	-0.34909375	52.86784033
0.13400000	-32.20851081	0.32016734	-0.38589664	57.85111557
0.13600000	-32.84959283	0.31935910	-0.42227092	62.77495708
0.13800000	-33.48913141	0.31847855	-0.45821137	67.63867419
0.14000000	-34.12698105	0.31752655	-0.49371295	72.44159746
0.14200000	-34.76299799	0.31650399	-0.52877078	77.18307864
0.14400000	-35.39704022	0.31541177	-0.56338014	81.86249067
0.14600000	-36.02896753	0.31425077	-0.59753643	86.47922759
0.14800000	-36.65864146	0.31302193	-0.63123524	91.03270459
0.15000000	-37.28592539	0.31172614	-0.66447230	95.52235788
0.15200000	-37.91068454	0.31036435	-0.69724349	99.94764467
0.15400000	-38.53278596	0.30893748	-0.72954485	104.30804314
0.15600000	-39.15209856	0.30744648	-0.76137258	108.60305235
0.15800000	-39.76849314	0.30589231	-0.79272301	112.83219219
0.16000000	-40.38184238	0.30427591	-0.82359264	116.99500329
0.16200000	-40.99202090	0.30259826	-0.85397813	121.09104699
0.16400000	-41.59890520	0.30086032	-0.88387626	125.11990522
0.16600000	-42.20237375	0.29906308	-0.91328398	129.08118045
0.16800000	-42.80230697	0.29720752	-0.94219840	132.97449558
0.17000000	-43.39858721	0.29529462	-0.97061676	136.79949385
0.17200000	-43.99109882	0.29332538	-0.99853645	140.55583877
0.17400000	-44.57972813	0.29130081	-1.02595503	144.24321400
0.17600000	-45.16436346	0.28922190	-1.05287018	147.86132324
0.17800000	-45.74489514	0.28708966	-1.07927973	151.40989015
0.18000000	-46.32121551	0.28490512	-1.10518168	154.88865822
0.18200000	-46.89321893	0.28266928	-1.13057415	158.29739065
0.18400000	-47.46080179	0.28038316	-1.15545541	161.63587024
0.18600000	-48.02386252	0.27804780	-1.17982387	164.90389927
0.18800000	-48.58230160	0.27566421	-1.20367810	168.10129938
0.19000000	-49.13602156	0.27323343	-1.22701678	171.22791140
0.19200000	-49.68492698	0.27075649	-1.24983877	174.28359527
0.19400000	-50.22892450	0.26823442	-1.27214303	177.26822986
0.19600000	-50.76792284	0.26566826	-1.29392869	180.18171287
0.19800000	-51.30183278	0.26305905	-1.31519498	183.02396064
0.20000000	-51.83056718	0.26040783	-1.33594132	185.79490804
0.20200000	-52.35404097	0.25771563	-1.35616721	188.49450828
0.20400000	-52.87217117	0.25498350	-1.37587232	191.12273281
0.20600000	-53.38487687	0.25221249	-1.39505644	193.67957112
0.20800000	-53.89207926	0.24940363	-1.41371950	196.16503057
0.21000000	-54.39370160	0.24655796	-1.43186154	198.57913628
0.21200000	-54.88966923	0.24367653	-1.44948275	200.92193092
0.21400000	-55.37990959	0.24076037	-1.46658344	203.19347455
0.21600000	-55.86435219	0.23781054	-1.48316405	205.39384445
0.21800000	-56.34292863	0.23482806	-1.49922514	207.52313494
0.22000000	-56.81557258	0.23181398	-1.51476741	209.58145722
0.22200000	-57.28221981	0.22876934	-1.52979166	211.56893917
0.22400000	-57.74280815	0.22569516	-1.54429883	213.48572518
0.22600000	-58.19727748	0.22259249	-1.55828996	215.33197597
0.22800000	-58.64556980	0.21946235	-1.57176625	217.10786836
0.23000000	-59.08762912	0.21630577	-1.58472897	218.81359514
0.23200000	-59.52340156	0.21312377	-1.59717953	220.44936486
0.23400000	-59.95283524	0.20991739	-1.60911945	222.01540160
0.23600000	-60.37588038	0.20668763	-1.62055038	223.51194481
0.23800000	-60.79248921	0.20343552	-1.63147405	224.93924910
0.24000000	-61.20261601	0.20016207	-1.64189233	226.29758406
0.24200000	-61.60621708	0.19686829	-1.65180718	227.58723401
0.24400000	-62.00325074	0.19355518	-1.66122069	228.80849785
0.24600000	-62.39367735	0.19022374	-1.67013502	229.96168880
0.24800000	-62.77745924	0.18687497	-1.67855247	231.04713427
0.25000000	-63.15456075	0.18350986	-1.68647543	232.06517554
0.25200000	-63.52494822	0.18012940	-1.69390639	233.01616766
0.25400000	-63.88858996	0.17673456	-1.70084794	233.90047916
0.25600000	-64.24545623	0.17332633	-1.70730277	234.71849189
0.25800000	-64.59551926	0.16990567	-1.71327366	235.47060074
0.26000000	-64.93875325	0.16647356	-1.71876351	236.15721351
0.26200000	-65.27513431	0.16303094	-1.72377528	236.77875062
0.26400000	-65.60464047	0.15957877	-1.72831205	237.33564490
0.26600000	-65.92725169	0.15611800	-1.73237697	237.82834142
0.26800000	-66.24294981	0.15264958	-1.73597330	238.25729721
0.27000000	-66.55171859	0.14917442	-1.73910436	238.62298108
0.27200000	-66.85354362	0.14569347	-1.74177358	238.92587336
0.27400000	-67.14841240	0.14220763	-1.74398448	239.16646570
0.27600000	-67.43631423	0.13871783	-1.74574063	239.34526086
0.27800000	-67.71724027	0.13522497	-1.74704570	239.46277244
0.28000000	-67.99118350	0.13172995	-1.74790345	239.51952469
0.28200000	-68.25813870	0.12823365	-1.74831770	239.51605228
0.28400000	-68.51810244	0.12473697	-1.74829235	239.45290004
0.28600000	-68.77107304	0.12124077	-1.74783139	239.33062278
0.28800000	-69.01705063	0.11774593	-1.74693885	239.14978504
0.29000000	-69.25603703	0.11425330	-1.74561887	238.91096083
0.29200000	-69.48803582	0.11076374	-1.74387563	238.61473347
0.29400000	-69.71305227	0.10727808	-1.74171338	238.26169530
0.29600000	-69.93109336	0.10379716	-1.73913646	237.85244747
0.29800000	-70.14216774	0.10032181	-1.73614925	237.38759973
0.30000000	-70.34628571	0.09685283	-1.73275620	236.86777016
0.30200000	-70.54345921	0.09339105	-1.72896183	236.29358499
0.30400000	-70.73370182	0.08993725	-1.72477069	235.66567832
0.30600000	-70.91702872	0.08649223	-1.72018743	234.98469193
0.30800000	-71.09345667	0.08305676	-1.71521673	234.25127504
0.31000000	-71.26300399	0.07963162	-1.70986332	233.46608406
0.31200000	-71.42569058	0.07621756	-1.70413200	232.62978239
0.31400000	-71.58153784	0.07281534	-1.69802761	231.74304018
0.31600000	-71.73056869	0.06942569	-1.69155504	230.80653410
0.31800000	-71.87280756	0.06604936	-1.68471923	229.82094710
0.32000000	-72.00828033	0.06268705	-1.67752516	228.78696823
0.32200000	-72.13701434	0.05933949	-1.66997787	227.70529235
0.32400000	-72.25903837	0.05600738	-1.66208243	226.57661994
0.32600000	-72.37438260	0.05269139	-1.65384394	225.40165688
0.32800000	-72.48307862	0.04939222	-1.64526757	224.18111420
0.33000000	-72.58515937	0.04611054	-1.63635850	222.91570790
0.33200000	-72.68065917	0.04284701	-1.62712196	221.60615865
0.33400000	-72.76961363	0.03960227	-1.61756320	220.25319166
0.33600000	-72.85205972	0.03637697	-1.60768753	218.85753638
0.33800000	-72.92803567	0.03317173	-1.59750027	217.41992634
0.34000000	-72.99758096	0.02998717	-1.58700676	215.94109889
0.34200000	-73.06073636	0.02682390	-1.57621240	214.42179500
0.34400000	-73.11754383	0.02368252	-1.56512259	212.86275902
0.34600000	-73.16804654	0.02056360	-1.55374277	211.26473852
0.34800000	-73.21228887	0.01746774	-1.54207838	209.62848399
0.35000000	-73.25031632	0.01439548	-1.53013492	207.95474871
0.35200000	-73.28217554	0.01134738	-1.51791787	206.24428849
0.35400000	-73.30791432	0.00832398	-1.50543276	204.49786145
0.35600000	-73.32758152	0.00532582	-1.49268512	202.71622786
0.35800000	-73.34122707	0.00235341	-1.47968050	200.90014987
0.36000000	-73.34890197	-0.00059273	-1.46642445	199.05039135
0.36200000	-73.35065823	-0.00351212	-1.45292256	197.16771767
0.36400000	-73.34654888	-0.00640426	-1.43918042	195.25289548
0.36600000	-73.33662791	-0.00926868	-1.42520362	193.30669253
0.36800000	-73.32095030	-0.01210492	-1.41099776	191.32987744
0.37000000	-73.29957196	-0.01491253	-1.39656845	189.32321956
0.37200000	-73.27254969	-0.01769105	-1.38192131	187.28748867
0.37400000	-73.23994123	-0.02044007	-1.36706196	185.22345491
0.37600000	-73.20180515	-0.02315916	-1.35199602	183.13188847
0.37800000	-73.15820089	-0.02584792	-1.33672911	181.01355947
0.38000000	-73.10918871	-0.02850595	-1.32126686	178.86923773
0.38200000	-73.05482969	-0.03113286	-1.30561487	176.69969263
0.38400000	-72.99518566	-0.03372828	-1.28977878	174.50569285
0.38600000	-72.93031923	-0.03629186	-1.27376418	172.28800625
0.38800000	-72.86029374	-0.03882323	-1.25757669	170.04739963
0.39000000	-72.78517326	-0.04132205	-1.24122190	167.78463862
0.39200000	-72.70502252	-0.04378801	-1.22470539	165.50048742
0.39400000	-72.61990695	-0.04622077	-1.20803275	163.19570869
0.39600000	-72.52989262	-0.04862004	-1.19120955	160.87106331
0.39800000	-72.43504620	-0.05098551	-1.17424134	158.52731026
0.40000000	-72.33543499	-0.05331691	-1.15713365	156.16520644
0.40200000	-72.23112686	-0.05561396	-1.13989202	153.78550646
0.40400000	-72.12219024	-0.05787639	-1.12252194	151.38896252
0.40600000	-72.00869410	-0.06010396	-1.10502892	148.97632423
0.40800000	-71.89070791	-0.06229643	-1.08741843	146.54833841
0.41000000	-71.76830164	-0.06445356	-1.06969590	144.10574900
0.41200000	-71.64154574	-0.06657514	-1.05186678	141.64929684
0.41400000	-71.51051109	-0.06866096	-1.03393647	139.17971953
0.41600000	-71.37526901	-0.07071082	-1.01591036	136.69775129
0.41800000	-71.23589121	-0.07272454	-0.99779381	134.20412280
0.42000000	-71.09244980	-0.07470194	-0.97959214	131.69956104
0.42200000	-70.94501725	-0.07664286	-0.96131066	129.18478914
0.42400000	-70.79366635	-0.07854713	-0.94295467	126.66052627
0.42600000	-70.63847023	-0.08041463	-0.92452939	124.12748744
0.42800000	-70.47950232	-0.08224521	-0.90604005	121.58638340
0.43000000	-70.31683631	-0.08403875	-0.88749185	119.03792052
0.43200000	-70.15054617	-0.08579514	-0.86888993	116.48280057
0.43400000	-69.98070607	-0.08751428	-0.85023942	113.92172069
0.43600000	-69.80739043	-0.08919607	-0.83154541	111.35537318
0.43800000	-69.63067385	-0.09084043	-0.81281294	108.78444540
0.44000000	-69.45063109	-0.09244730	-0.79404705	106.20961967
0.44200000	-69.26733710	-0.09401660	-0.77525270	103.63157309
0.44400000	-69.08086693	-0.09554829	-0.75643484	101.05097746
0.44600000	-68.89129575	-0.09704233	-0.73759838	98.46849915
0.44800000	-68.69869885	-0.09849868	-0.71874817	95.88479896
0.45000000	-68.50315155	-0.09991732	-0.69988904	93.30053206
0.45200000	-68.30472926	-0.10129823	-0.68102578	90.71634781
0.45400000	-68.10350742	-0.10264142	-0.66216312	88.13288970
0.45600000	-67.89956148	-0.10394689	-0.64330576	85.55079524
0.45800000	-67.69296688	-0.10521465	-0.62445836	82.97069581
0.46000000	-67.48379905	-0.10644473	-0.60562552	80.39321662
0.46200000	-67.27213339	-0.10763717	-0.58681180	77.81897656
0.46400000	-67.05804522	-0.10879199	-0.56802173	75.24858813
0.46600000	-66.84160979	-0.10990927	-0.54925977	72.68265733
0.46800000	-66.62290227	-0.11098905	-0.53053035	70.12178359
0.47000000	-66.40199770	-0.11203142	-0.51183784	67.56655966
0.47200000	-66.17897099	-0.11303643	-0.49318657	65.01757151
0.47400000	-65.95389692	-0.11400419	-0.47458081	62.47539828
0.47600000	-65.72685009	-0.11493479	-0.45602480	59.94061218
0.47800000	-65.49790492	-0.11582833	-0.43752272	57.41377841
0.48000000	-65.26713563	-0.11668492	-0.41907867	54.89545507
0.48200000	-65.03461623	-0.11750468	-0.40069675	52.38619311
0.48400000	-64.80042050	-0.11828775	-0.38238097	49.88653624
0.48600000	-64.56462195	-0.11903425	-0.36413530	47.39702087
0.48800000	-64.32729386	-0.11974434	-0.34596366	44.91817602
0.49000000	-64.08850920	-0.12041816	-0.32786990	42.45052328
0.49200000	-63.84834067	-0.12105588	-0.30985783	39.99457676
0.49400000	-63.60686062	-0.12165765	-0.29193122	37.55084298
0.49600000	-63.36414112	-0.12222366	-0.27409374	35.11982084
0.49800000	-63.12025386	-0.12275409	-0.25634906	32.70200159
0.50000000	-62.87527020	-0.12324912	-0.23870074	30.29786872
0.50200000	-62.62926111	-0.12370896	-0.22115233	27.90789797
0.50400000	-62.38229718	-0.12413380	-0.20370728	25.53255724
0.50600000	-62.13444861	-0.12452386	-0.18636903	23.17230654
0.50800000	-61.88578517	-0.12487935	-0.16914092	20.82759798
0.51000000	-61.63637622	-0.12520050	-0.15202626	18.49887572
0.51200000	-61.38629067	-0.12548753	-0.13502829	16.18657591
0.51400000	-61.13559697	-0.12574069	-0.11815019	13.89112667
0.51600000	-60.88436313	-0.12596021	-0.10139509	11.61294804
0.51800000	-60.63265664	-0.12614635	-0.08476604	9.35245198
0.52000000	-60.38054453	-0.12629936	-0.06826607	7.11004232
0.52200000	-60.12809331	-0.12641951	-0.05189812	4.88611471
0.52400000	-59.87536898	-0.12650705	-0.03566507	2.68105664
0.52600000	-59.62243702	-0.12656226	-0.01956976	0.49524739
0.52800000	-59.36936234	-0.12658542	-0.00361494	-1.67094198
0.53000000	-59.11620935	-0.12657681	0.01219666	-3.81714865
0.53200000	-58.86304185	-0.12653673	0.02786240	-5.94301809
0.53400000	-58.60992308	-0.12646546	0.04337969	-8.04820400
0.53600000	-58.35691571	-0.12636331	0.05874601	-10.13236839
0.53800000	-58.10408182	-0.12623058	0.07395889	-12.19518155
0.54000000	-57.85148285	-0.12606758	0.08901592	-14.23632208
0.54200000	-57.59917967	-0.12587462	0.10391476	-16.25547689
0.54400000	-57.34723251	-0.12565203	0.11865312	-18.25234118
0.54600000	-57.09570094	-0.12540012	0.13322877	-20.22661849
0.54800000	-56.84464394	-0.12511922	0.14763955	-22.17802063
0.55000000	-56.59411979	-0.12480967	0.16188336	-24.10626775
0.55200000	-56.34418615	-0.12447180	0.17595816	-26.01108828
0.55400000	-56.09489999	-0.12410595	0.18986196	-27.89221896
0.55600000	-55.84631760	-0.12371247	0.20359284	-29.74940480
0.55800000	-55.59849460	-0.12329170	0.21714894	-31.58239909
0.56000000	-55.35148591	-0.12284399	0.23052846	-33.39096337
0.56200000	-55.10534576	-0.12236970	0.24372966	-35.17486742
0.56400000	-54.86012767	-0.12186919	0.25675086	-36.93388928
0.56600000	-54.61588443	-0.12134282	0.26959043	-38.66781517
0.56800000	-54.37266814	-0.12079095	0.28224683	-40.37643950
0.57000000	-54.13053015	-0.12021396	0.29471854	-42.05956484
0.57200000	-53.88952108	-0.11961220	0.30700412	-43.71700191
0.57400000	-53.64969083	-0.11898606	0.31910220	-45.34856956
0.57600000	-53.41108853	-0.11833592	0.33101146	-46.95409468
0.57800000	-53.17376258	-0.11766214	0.34273062	-48.53341226
0.58000000	-52.93776061	-0.11696512	0.35425848	-50.08636530
0.58200000	-52.70312949	-0.11624524	0.36559391	-51.61280478
0.58400000	-52.46991535	-0.11550288	0.37673580	-53.11258964
0.58600000	-52.23816352	-0.11473843	0.38768314	-54.58558675
0.58800000	-52.00791857	-0.11395227	0.39843494	-56.03167085
0.59000000	-51.77922428	-0.11314482	0.40899030	-57.45072452
0.59200000	-51.55212367	-0.11231645	0.41934835	-58.84263816
0.59400000	-51.32665896	-0.11146756	0.42950831	-60.20730989
0.59600000	-51.10287157	-0.11059854	0.43946942	-61.54464557
0.59800000	-50.88080215	-0.10970981	0.44923099	-62.85455872
0.60000000	-50.66049054	-0.10880175	0.45879240	-64.13697047
0.60200000	-50.44197578	-0.10787477	0.46815307	-65.39180952
0.60400000	-50.22529614	-0.10692928	0.47731248	-66.61901209
0.60600000	-50.01048903	-0.10596566	0.48627016	-67.81852187
0.60800000	-49.79759111	-0.10498433	0.49502571	-68.99028996
0.61000000	-49.58663820	-0.10398569	0.50357876	-70.13427480
0.61200000	-49.37766533	-0.10297015	0.51192901	-71.25044217
0.61400000	-49.17070670	-0.10193811	0.52007622	-72.33876506
0.61600000	-48.96579573	-0.10088998	0.52802018	-73.39922366
0.61800000	-48.76296499	-0.09982617	0.53576076	-74.43180528
0.62000000	-48.56224626	-0.09874707	0.54329785	-75.43650430
0.62200000	-48.36367051	-0.09765311	0.55063142	-76.41332210
0.62400000	-48.16726788	-0.09654468	0.55776148	-77.36226700
0.62600000	-47.97306771	-0.09542220	0.56468808	-78.28335418
0.62800000	-47.78109852	-0.09428607	0.57141134	-79.17660565
0.63000000	-47.59138801	-0.09313669	0.57793143	-80.04205014
0.63200000	-47.40396308	-0.09197448	0.58424854	-80.87972307
0.63400000	-47.21884981	-0.09079983	0.59036294	-81.68966645
0.63600000	-47.03607347	-0.08961316	0.59627494	-82.47192884
0.63800000	-46.85565851	-0.08841487	0.60198488	-83.22656523
0.64000000	-46.67762858	-0.08720535	0.60749318	-83.95363704
0.64200000	-46.50200653	-0.08598503	0.61280027	-84.65321199
0.64400000	-46.32881438	-0.08475429	0.61790666	-85.32536403
0.64600000	-46.15807336	-0.08351353	0.62281288	-85.97017330
0.64800000	-45.98980391	-0.08226317	0.62751951	-86.58772601
0.65000000	-45.82402564	-0.08100359	0.63202720	-87.17811442
0.65200000	-45.66075738	-0.07973519	0.63633660	-87.74143669
0.65400000	-45.50001716	-0.07845837	0.64044844	-88.27779687
0.65600000	-45.34182223	-0.07717353	0.64436348	-88.78730478
0.65800000	-45.18618902	-0.07588105	0.64808252	-89.27007593
0.66000000	-45.03313320	-0.07458133	0.65160639	-89.72623149
0.66200000	-44.88266965	-0.07327475	0.65493600	-90.15589813
0.66400000	-44.73481246	-0.07196171	0.65807225	-90.55920800
0.66600000	-44.58957495	-0.07064259	0.66101612	-90.93629862
0.66800000	-44.44696966	-0.06931778	0.66376860	-91.28731281
0.67000000	-44.30700837	-0.06798765	0.66633075	-91.61239859
0.67200000	-44.16970210	-0.06665258	0.66870364	-91.91170913
0.67400000	-44.03506108	-0.06531296	0.67088839	-92.18540262
0.67600000	-43.90309482	-0.06396915	0.67288615	-92.43364221
0.67800000	-43.77381204	-0.06262154	0.67469812	-92.65659593
0.68000000	-43.64722075	-0.06127048	0.67632552	-92.85443659
0.68200000	-43.52332819	-0.05991636	0.67776961	-93.02734171
0.68400000	-43.40214088	-0.05855952	0.67903169	-93.17549341
0.68600000	-43.28366458	-0.05720035	0.68011309	-93.29907834
0.68800000	-43.16790434	-0.05583919	0.68101517	-93.39828760
0.69000000	-43.05486450	-0.05447641	0.68173933	-93.47331661
0.69200000	-42.94454866	-0.05311235	0.68228698	-93.52436510
0.69400000	-42.83695972	-0.05174738	0.68265960	-93.55163693
0.69600000	-42.73209987	-0.05038183	0.68285866	-93.55534006
0.69800000	-42.62997060	-0.04901606	0.68288569	-93.53568647
0.70000000	-42.53057271	-0.04765040	0.68274224	-93.49289201
0.70200000	-42.43390630	-0.04628520	0.68242987	-93.42717639
0.70400000	-42.33997081	-0.04492079	0.68195019	-93.33876301
0.70600000	-42.24876497	-0.04355751	0.68130484	-93.22787893
0.70800000	-42.16028689	-0.04219568	0.68049547	-93.09475477
0.71000000	-42.07453397	-0.04083564	0.67952376	-92.93962460
0.71200000	-41.99150298	-0.03947769	0.67839142	-92.76272586
0.71400000	-41.91119003	-0.03812218	0.67710019	-92.56429927
0.71600000	-41.83359059	-0.03676940	0.67565182	-92.34458876
0.71800000	-41.75869950	-0.03541967	0.67404809	-92.10384134
0.72000000	-41.68651096	-0.03407331	0.67229081	-91.84230705
0.72200000	-41.61701857	-0.03273061	0.67038180	-91.56023885
0.72400000	-41.55021529	-0.03139188	0.66832291	-91.25789253
0.72600000	-41.48609349	-0.03005742	0.66611600	-90.93552662
0.72800000	-41.42464492	-0.02872751	0.66376297	-90.59340233
0.73000000	-41.36586078	-0.02740246	0.66126571	-90.23178340
0.73200000	-41.30973164	-0.02608255	0.65862616	-89.85093608
0.73400000	-41.25624751	-0.02476805	0.65584625	-89.45112898
0.73600000	-41.20539784	-0.02345925	0.65292795	-89.03263305
0.73800000	-41.15717151	-0.02215643	0.64987323	-88.59572140
0.74000000	-41.11155685	-0.02085985	0.64668410	-88.14066932
0.74200000	-41.06854163	-0.01956978	0.64336255	-87.66775408
0.74400000	-41.02811311	-0.01828649	0.63991061	-87.17725495
0.74600000	-40.99025800	-0.01701022	0.63633033	-86.66945303
0.74800000	-40.95496248	-0.01574125	0.63262374	-86.14463120
0.75000000	-40.92221224	-0.01447981	0.62879293	-85.60307402
0.75200000	-40.89199246	-0.01322616	0.62483996	-85.04506768
0.75400000	-40.86428781	-0.01198053	0.62076692	-84.47089987
0.75600000	-40.83908247	-0.01074317	0.61657591	-83.88085969
0.75800000	-40.81636017	-0.00951431	0.61226905	-83.27523761
0.76000000	-40.79610413	-0.00829417	0.60784845	-82.65432536
0.76200000	-40.77829713	-0.00708299	0.60331624	-82.01841584
0.76400000	-40.76292148	-0.00588098	0.59867457	-81.36780304
0.76600000	-40.74995907	-0.00468836	0.59392557	-80.70278198
0.76800000	-40.73939132	-0.00350535	0.58907140	-80.02364857
0.77000000	-40.73119923	-0.00233214	0.58411422	-79.33069960
0.77200000	-40.72536339	-0.00116896	0.57905620	-78.62423261
0.77400000	-40.72186398	-0.00001598	0.57389951	-77.90454583
0.77600000	-40.72068076	0.00112658	0.56864632	-77.17193807
0.77800000	-40.72179311	0.00225854	0.56329882	-76.42670868
0.78000000	-40.72518001	0.00337971	0.55785919	-75.66915747
0.78200000	-40.73082007	0.00448992	0.55232962	-74.89958457
0.78400000	-40.73869155	0.00558897	0.54671230	-74.11829043
0.78600000	-40.74877231	0.00667671	0.54100942	-73.32557570
0.78800000	-40.76103989	0.00775295	0.53522318	-72.52174115
0.79000000	-40.77547148	0.00881755	0.52935577	-71.70708763
0.79200000	-40.79204394	0.00987032	0.52340940	-70.88191595
0.79400000	-40.81073379	0.01091113	0.51738625	-70.04652682
0.79600000	-40.83151726	0.01193982	0.51128852	-69.20122081
0.79800000	-40.85437024	0.01295624	0.50511840	-68.34629821
0.80000000	-40.87926836	0.01396025	0.49887809	-67.48205902
0.80200000	-40.90618692	0.01495171	0.49256977	-66.60880285
0.80400000	-40.93510098	0.01593048	0.48619564	-65.72682885
0.80600000	-40.96598529	0.01689645	0.47975787	-64.83643563
0.80800000	-40.99881437	0.01784947	0.47325865	-63.93792122
0.81000000	-41.03356245	0.01878944	0.46670015	-63.03158296
0.81200000	-41.07020355	0.01971623	0.46008455	-62.11771749
0.81400000	-41.10871143	0.02062974	0.45341400	-61.19662061
0.81600000	-41.14905963	0.02152986	0.44669066	-60.26858727
0.81800000	-41.19122147	0.02241647	0.43991670	-59.33391148
0.82000000	-41.23517006	0.02328949	0.43309424	-58.39288626
0.82200000	-41.28087830	0.02414882	0.42622545	-57.44580355
0.82400000	-41.32831889	0.02499436	0.41931243	-56.49295417
0.82600000	-41.37746438	0.02582604	0.41235733	-55.53462776
0.82800000	-41.42828710	0.02664376	0.40536225	-54.57111270
0.83000000	-41.48075924	0.02744746	0.39832929	-53.60269605
0.83200000	-41.53485281	0.02823706	0.39126056	-52.62966352
0.83400000	-41.59053969	0.02901248	0.38415813	-51.65229938
0.83600000	-41.64779160	0.02977367	0.37702408	-50.67088641
0.83800000	-41.70658013	0.03052056	0.36986048	-49.68570584
0.84000000	-41.76687674	0.03125309	0.36266939	-48.69703731
0.84200000	-41.82865279	0.03197122	0.35545283	-47.70515880
0.84400000	-41.89187951	0.03267489	0.34821284	-46.71034658
0.84600000	-41.95652804	0.03336406	0.34095143	-45.71287515
0.84800000	-42.02256940	0.03403868	0.33367062	-44.71301720
0.85000000	-42.08997457	0.03469873	0.32637239	-43.71104356
0.85200000	-42.15871441	0.03534416	0.31905871	-42.70722312
0.85400000	-42.22875974	0.03597495	0.31173156	-41.70182281
0.85600000	-42.30008130	0.03659108	0.30439287	-40.69510756
0.85800000	-42.37264978	0.03719252	0.29704458	-39.68734020
0.86000000	-42.44643582	0.03777925	0.28968861	-38.67878149
0.86200000	-42.52141005	0.03835127	0.28232687	-37.66969000
0.86400000	-42.59754302	0.03890856	0.27496124	-36.66032212
0.86600000	-42.67480531	0.03945111	0.26759359	-35.65093196
0.86800000	-42.75316743	0.03997893	0.26022578	-34.64177138
0.87000000	-42.83259993	0.04049202	0.25285965	-33.63308988
0.87200000	-42.91307334	0.04099037	0.24549701	-32.62513459
0.87400000	-42.99455818	0.04147401	0.23813967	-31.61815025
0.87600000	-43.07702502	0.04194294	0.23078942	-30.61237912
0.87800000	-43.16044441	0.04239717	0.22344802	-29.60806099
0.88000000	-43.24478697	0.04283673	0.21611723	-28.60543309
0.88200000	-43.33002332	0.04326165	0.20879878	-27.60473013
0.88400000	-43.41612415	0.04367194	0.20149438	-26.60618419
0.88600000	-43.50306017	0.04406764	0.19420572	-25.61002472
0.88800000	-43.59080218	0.04444877	0.18693449	-24.61647850
0.89000000	-43.67932101	0.04481539	0.17968232	-23.62576963
0.89200000	-43.76858759	0.04516752	0.17245087	-22.63811946
0.89400000	-43.85857291	0.04550521	0.16524175	-21.65374658
0.89600000	-43.94924804	0.04582850	0.15805654	-20.67286679
0.89800000	-44.04058414	0.04613745	0.15089684	-19.69569308
0.90000000	-44.13255247	0.04643211	0.14376418	-18.72243558
0.90200000	-44.22512441	0.04671252	0.13666011	-17.75330154
0.90400000	-44.31827141	0.04697877	0.12958614	-16.78849533
0.90600000	-44.41196506	0.04723089	0.12254376	-15.82821837
0.90800000	-44.50617706	0.04746896	0.11553444	-14.87266917
0.91000000	-44.60087925	0.04769305	0.10855963	-13.92204322
0.91200000	-44.69604359	0.04790323	0.10162075	-12.97653306
0.91400000	-44.79164218	0.04809956	0.09471922	-12.03632819
0.91600000	-44.88764727	0.04828213	0.08785641	-11.10161507
0.91800000	-44.98403124	0.04845101	0.08103369	-10.17257714
0.92000000	-45.08076666	0.04860629	0.07425239	-9.24939473
0.92200000	-45.17782622	0.04874805	0.06751383	-8.33224511
0.92400000	-45.27518281	0.04887637	0.06081931	-7.42130243
0.92600000	-45.37280946	0.04899136	0.05417009	-6.51673772
0.92800000	-45.47067941	0.04909309	0.04756743	-5.61871888
0.93000000	-45.56876606	0.04918166	0.04101255	-4.72741067
0.93200000	-45.66704299	0.04925717	0.03450665	-3.84297466
0.93400000	-45.76548398	0.04931972	0.02805091	-2.96556927
0.93600000	-45.86406302	0.04936941	0.02164649	-2.09534975
0.93800000	-45.96275429	0.04940634	0.01529452	-1.23246812
0.94000000	-46.06153215	0.04943062	0.00899612	-0.37707322
0.94200000	-46.16037121	0.04944236	0.00275236	0.47068931
0.94400000	-46.25924627	0.04944167	-0.00343569	1.31067709
0.94600000	-46.35813236	0.04942866	-0.00956699	2.14275091
0.94800000	-46.45700473	0.04940344	-0.01564052	2.96677484
0.95000000	-46.55583885	0.04936613	-0.02165529	3.78261614
0.95200000	-46.65461043	0.04931686	-0.02761034	4.59014535
0.95400000	-46.75329540	0.04925573	-0.03350471	5.38923622
0.95600000	-46.85186995	0.04918288	-0.03933749	6.17976577
0.95800000	-46.95031051	0.04909842	-0.04510778	6.96161424
0.96000000	-47.04859373	0.04900249	-0.05081470	7.73466513
0.96200000	-47.14669655	0.04889521	-0.05645741	8.49880518
0.96400000	-47.24459613	0.04877670	-0.06203507	9.25392438
0.96600000	-47.34226990	0.04864711	-0.06754689	9.99991597
0.96800000	-47.43969555	0.04850656	-0.07299209	10.73667641
0.97000000	-47.53685104	0.04835519	-0.07836990	11.46410541
0.97200000	-47.63371458	0.04819313	-0.08367960	12.18210590
0.97400000	-47.73026466	0.04802051	-0.08892048	12.89058406
0.97600000	-47.82648005	0.04783749	-0.09409185	13.58944927
0.97800000	-47.92233978	0.04764419	-0.09919306	14.27861413
0.98000000	-48.01782316	0.04744077	-0.10422346	14.95799446
0.98200000	-48.11290980	0.04722735	-0.10918244	15.62750926
0.98400000	-48.20757957	0.04700408	-0.11406941	16.28708073
0.98600000	-48.30181263	0.04677112	-0.11888380	16.93663426
0.98800000	-48.39558944	0.04652860	-0.12362507	17.57609840
0.99000000	-48.48889073	0.04627667	-0.12829269	18.20540487
0.99200000	-48.58169755	0.04601548	-0.13288617	18.82448852
0.99400000	-48.67399123	0.04574517	-0.13740503	19.43328737
0.99600000	-48.76575338	0.04546591	-0.14184881	20.03174253
0.99800000	-48.85696594	0.04517783	-0.14621710	20.61979823
1.00000000	-48.94761113	0.04488109	-0.15050948	21.19740182
1.00200000	-49.03767148	0.04457584	-0.15472556	21.76450370
1.00400000	-49.12712981	0.04426224	-0.15886499	22.32105735
1.00600000	-49.21596927	0.04394043	-0.16292743	22.86701930
1.00800000	-49.30417329	0.04361058	-0.16691255	23.40234911
1.01000000	-49.39172563	0.04327283	-0.17082007	23.92700936
1.01200000	-49.47861035	0.04292735	-0.17464970	24.44096563
1.01400000	-49.56481181	0.04257429	-0.17840121	24.94418647
1.01600000	-49.65031469	0.04221380	-0.18207435	25.43664339
1.01800000	-49.73510400	0.04184604	-0.18566893	25.91831085
1.02000000	-49.81916504	0.04147117	-0.18918475	26.38916623
1.02200000	-49.90248343	0.04108935	-0.19262165	26.84918980
1.02400000	-49.98504510	0.04070074	-0.19597949	27.29836472
1.02600000	-50.06683632	0.04030549	-0.19925814	27.73667700
1.02800000	-50.14784364	0.03990376	-0.20245750	28.16411548
1.03000000	-50.22805396	0.03949571	-0.20557749	28.58067183
1.03200000	-50.30745447	0.03908150	-0.20861804	28.98634049
1.03400000	-50.38603270	0.03866129	-0.21157913	29.38111867
1.03600000	-50.46377648	0.03823524	-0.21446072	29.76500632
1.03800000	-50.54067398	0.03780350	-0.21726282	30.13800610
1.04000000	-50.61671366	0.03736624	-0.21998545	30.50012338
1.04200000	-50.69188431	0.03692361	-0.22262864	30.85136617
1.04400000	-50.76617505	0.03647578	-0.22519245	31.19174513
1.04600000	-50.83957530	0.03602290	-0.22767697	31.52127353
1.04800000	-50.91207480	0.03556513	-0.23008229	31.83996724
1.05000000	-50.98366363	0.03510262	-0.23240852	32.14784466
1.05200000	-51.05433215	0.03463554	-0.23465580	32.44492673
1.05400000	-51.12407106	0.03416405	-0.23682428	32.73123692
1.05600000	-51.19287138	0.03368830	-0.23891414	33.00680112
1.05800000	-51.26072443	0.03320845	-0.24092556	33.27164772
1.06000000	-51.32762184	0.03272465	-0.24285874	33.52580750
1.06200000	-51.39355558	0.03223706	-0.24471392	33.76931361
1.06400000	-51.45851791	0.03174585	-0.24649134	34.00220158
1.06600000	-51.52250141	0.03125115	-0.24819125	34.22450926
1.06800000	-51.58549897	0.03075313	-0.24981394	34.43627681
1.07000000	-51.64750380	0.03025195	-0.25135968	34.63754662
1.07200000	-51.70850939	0.02974774	-0.25282881	34.82836334
1.07400000	-51.76850957	0.02924068	-0.25422163	35.00877382
1.07600000	-51.82749846	0.02873091	-0.25553850	35.17882708
1.07800000	-51.88547048	0.02821858	-0.25677976	35.33857427
1.08000000	-51.94242038	0.02770384	-0.25794580	35.48806866
1.08200000	-51.99834319	0.02718684	-0.25903700	35.62736560
1.08400000	-52.05323423	0.02666774	-0.26005376	35.75652245
1.08600000	-52.10708916	0.02614668	-0.26099651	35.87559862
1.08800000	-52.15990389	0.02562380	-0.26186568	35.98465547
1.09000000	-52.21167466	0.02509926	-0.26266172	36.08375631
1.09200000	-52.26239799	0.02457321	-0.26338508	36.17296637
1.09400000	-52.31207070	0.02404577	-0.26403625	36.25235274
1.09600000	-52.36068990	0.02351711	-0.26461571	36.32198437
1.09800000	-52.40825297	0.02298736	-0.26512397	36.38193200
1.10000000	-52.45475760	0.02245666	-0.26556155	36.43226816
1.10200000	-52.50020176	0.02192516	-0.26592896	36.47306713
1.10400000	-52.54458370	0.02139299	-0.26622677	36.50440486
1.10600000	-52.58790195	0.02086030	-0.26645551	36.52635902
1.10800000	-52.63015531	0.02032721	-0.26661576	36.53900888
1.11000000	-52.67134287	0.01979388	-0.26670809	36.54243532
1.11200000	-52.71146400	0.01926043	-0.26673310	36.53672082
1.11400000	-52.75051831	0.01872699	-0.26669139	36.52194935
1.11600000	-52.78850571	0.01819370	-0.26658357	36.49820641
1.11800000	-52.82542637	0.01766070	-0.26641027	36.46557895
1.12000000	-52.86128071	0.01712811	-0.26617211	36.42415535
1.12200000	-52.89606944	0.01659605	-0.26586975	36.37402539
1.12400000	-52.92979350	0.01606467	-0.26550383	36.31528022
1.12600000	-52.96245410	0.01553408	-0.26507504	36.24801229
1.12800000	-52.99405271	0.01500441	-0.26458403	36.17231535
1.13000000	-53.02459104	0.01447579	-0.26403150	36.08828441
1.13200000	-53.05407105	0.01394833	-0.26341813	35.99601569
1.13400000	-53.08249495	0.01342215	-0.26274464	35.89560662
1.13600000	-53.10986521	0.01289739	-0.26201173	35.78715574
1.13800000	-53.13618450	0.01237415	-0.26122011	35.67076272
1.14000000	-53.16145577	0.01185255	-0.26037053	35.54652834
1.14200000	-53.18568218	0.01133270	-0.25946371	35.41455437
1.14400000	-53.20886712	0.01081473	-0.25850040	35.27494364
1.14600000	-53.23101423	0.01029874	-0.25748134	35.12779993
1.14800000	-53.25212735	0.00978484	-0.25640730	34.97322795
1.15000000	-53.27221057	0.00927314	-0.25527904	34.81133335
1.15200000	-53.29126818	0.00876376	-0.25409732	34.64222262
1.15400000	-53.30930468	0.00825679	-0.25286294	34.46600310
1.15600000	-53.32632482	0.00775234	-0.25157666	34.28278294
1.15800000	-53.34233352	0.00725052	-0.25023929	34.09267103
1.16000000	-53.35733593	0.00675142	-0.24885161	33.89577704
1.16200000	-53.37133741	0.00625514	-0.24741443	33.69221130
1.16400000	-53.38434349	0.00576179	-0.24592855	33.48208483
1.16600000	-53.39635993	0.00527146	-0.24439478	33.26550926
1.16800000	-53.40739267	0.00478424	-0.24281394	33.04259684
1.17000000	-53.41744785	0.00430024	-0.24118684	32.81346039
1.17200000	-53.42653179	0.00381953	-0.23951431	32.57821324
1.17400000	-53.43465099	0.00334221	-0.23779718	32.33696924
1.17600000	-53.44181216	0.00286837	-0.23603627	32.08984269
1.17800000	-53.44802215	0.00239809	-0.23423243	31.83694834
1.18000000	-53.45328801	0.00193147	-0.23238648	31.57840133
1.18200000	-53.45761695	0.00146857	-0.23049928	31.31431717
1.18400000	-53.46101636	0.00100950	-0.22857166	31.04481172
1.18600000	-53.46349379	0.00055431	-0.22660447	30.77000113
1.18800000	-53.46505694	0.00010310	-0.22459855	30.49000183
1.19000000	-53.46571369	-0.00034406	-0.22255476	30.20493049
1.19200000	-53.46547206	-0.00078709	-0.22047395	29.91490399
1.19400000	-53.46434022	-0.00122593	-0.21835696	29.62003939
1.19600000	-53.46232649	-0.00166049	-0.21620467	29.32045390
1.19800000	-53.45943935	-0.00209072	-0.21401791	29.01626486
1.20000000	-53.45568741	-0.00251654	-0.21179755	28.70758966
1.20200000	-53.45107940	-0.00293789	-0.20954445	28.39454580
1.20400000	-53.44562421	-0.00335470	-0.20725946	28.07725077
1.20600000	-53.43933086	-0.00376691	-0.20494344	27.75582207
1.20800000	-53.43220848	-0.00417445	-0.20259724	27.43037717
1.21000000	-53.42426634	-0.00457728	-0.20022173	27.10103348
1.21200000	-53.41551381	-0.00497532	-0.19781776	26.76790832
1.21400000	-53.40596041	-0.00536853	-0.19538619	26.43111890
1.21600000	-53.39561575	-0.00575685	-0.19292788	26.09078227
1.21800000	-53.38448955	-0.00614022	-0.19044367	25.74701531
1.22000000	-53.37259165	-0.00651861	-0.18793442	25.39993473
1.22200000	-53.35993198	-0.00689195	-0.18540098	25.04965697
1.22400000	-53.34652058	-0.00726019	-0.18284421	24.69629823
1.22600000	-53.33236759	-0.00762331	-0.18026495	24.33997443
1.22800000	-53.31748322	-0.00798124	-0.17766405	23.98080120
1.23000000	-53.30187781	-0.00833395	-0.17504234	23.61889380
1.23200000	-53.28556174	-0.00868140	-0.17240068	23.25436717
1.23400000	-53.26854552	-0.00902354	-0.16973991	22.88733582
1.23600000	-53.25083969	-0.00936034	-0.16706085	22.51791389
1.23800000	-53.23245491	-0.00969177	-0.16436433	22.14621507
1.24000000	-53.21340190	-0.01001779	-0.16165120	21.77235259
1.24200000	-53.19369143	-0.01033837	-0.15892228	21.39643919
1.24400000	-53.17333437	-0.01065347	-0.15617839	21.01858711
1.24600000	-53.15234161	-0.01096307	-0.15342034	20.63890806
1.24800000	-53.13072416	-0.01126714	-0.15064896	20.25751321
1.25000000	-53.10849302	-0.01156566	-0.14786506	19.87451312
1.25200000	-53.08565929	-0.01185859	-0.14506944	19.49001778
1.25400000	-53.06223411	-0.01214593	-0.14226290	19.10413656
1.25600000	-53.03822865	-0.01242764	-0.13944625	18.71697816
1.25800000	-53.01365414	-0.01270371	-0.13662028	18.32865064
1.26000000	-52.98852185	-0.01297411	-0.13378577	17.93926137
1.26200000	-52.96284309	-0.01323884	-0.13094351	17.54891702
1.26400000	-52.93662918	-0.01349788	-0.12809428	17.15772353
1.26600000	-52.90989150	-0.01375122	-0.12523886	16.76578608
1.26800000	-52.88264144	-0.01399884	-0.12237800	16.37320912
1.27000000	-52.85489044	-0.01424073	-0.11951248	15.98009628
1.27200000	-52.82664992	-0.01447688	-0.11664304	15.58655041
1.27400000	-52.79793135	-0.01470730	-0.11377044	15.19267353
1.27600000	-52.76874621	-0.01493196	-0.11089543	14.79856682
1.27800000	-52.73910600	-0.01515088	-0.10801874	14.40433062
1.28000000	-52.70902220	-0.01536404	-0.10514110	14.01006436
1.28200000	-52.67850632	-0.01557144	-0.10226324	13.61586662
1.28400000	-52.64756988	-0.01577309	-0.09938589	13.22183505
1.28600000	-52.61622439	-0.01596899	-0.09650974	12.82806638
1.28800000	-52.58448135	-0.01615913	-0.09363552	12.43465640
1.29000000	-52.55235228	-0.01634353	-0.09076392	12.04169994
1.29200000	-52.51984866	-0.01652219	-0.08789562	11.64929088
1.29400000	-52.48698198	-0.01669512	-0.08503132	11.25752210
1.29600000	-52.45376372	-0.01686232	-0.08217169	10.86648549
1.29800000	-52.42020534	-0.01702381	-0.07931741	10.47627190
1.30000000	-52.38631826	-0.01717959	-0.07646914	10.08697120
1.30200000	-52.35211392	-0.01732969	-0.07362753	9.69867219
1.30400000	-52.31760369	-0.01747411	-0.07079323	9.31146261
1.30600000	-52.28279896	-0.01761286	-0.06796688	8.92542917
1.30800000	-52.24771104	-0.01774598	-0.06514912	8.54065748
1.31000000	-52.21235126	-0.01787347	-0.06234057	8.15723206
1.31200000	-52.17673088	-0.01799535	-0.05954184	7.77523634
1.31400000	-52.14086113	-0.01811164	-0.05675355	7.39475264
1.31600000	-52.10475321	-0.01822237	-0.05397630	7.01586216
1.31800000	-52.06841827	-0.01832755	-0.05121067	6.63864496
1.32000000	-52.03186743	-0.01842722	-0.04845726	6.26317996
1.32200000	-51.99511173	-0.01852139	-0.04571664	5.88954495
1.32400000	-51.95816221	-0.01861010	-0.04298938	5.51781655
1.32600000	-51.92102981	-0.01869336	-0.04027603	5.14807019
1.32800000	-51.88372545	-0.01877121	-0.03757715	4.78038016
1.33000000	-51.84625998	-0.01884368	-0.03489329	4.41481955
1.33200000	-51.80864420	-0.01891079	-0.03222496	4.05146026
1.33400000	-51.77088884	-0.01897259	-0.02957270	3.69037299
1.33600000	-51.73300457	-0.01902909	-0.02693703	3.33162724
1.33800000	-51.69500201	-0.01908035	-0.02431845	2.97529128
1.34000000	-51.65689170	-0.01912638	-0.02171745	2.62143220
1.34200000	-51.61868410	-0.01916723	-0.01913454	2.27011583
1.34400000	-51.58038963	-0.01920293	-0.01657019	1.92140679
1.34600000	-51.54201862	-0.01923352	-0.01402487	1.57536846
1.34800000	-51.50358131	-0.01925904	-0.01149904	1.23206299
1.35000000	-51.46508790	-0.01927953	-0.00899316	0.89155128
1.35200000	-51.42654849	-0.01929503	-0.00650767	0.55389298
1.35400000	-51.38797310	-0.01930558	-0.00404301	0.21914649
1.35600000	-51.34937167	-0.01931122	-0.00159961	-0.11263103
1.35800000	-51.31075407	-0.01931199	0.00082212	-0.44138368
1.36000000	-51.27213005	-0.01930794	0.00322178	-0.76705684
1.36200000	-51.23350932	-0.01929912	0.00559896	-1.08959712
1.36400000	-51.19490147	-0.01928556	0.00795326	-1.40895243
1.36600000	-51.15631601	-0.01926732	0.01028432	-1.72507190
1.36800000	-51.11776235	-0.01924444	0.01259177	-2.03790596
1.37000000	-51.07924982	-0.01921697	0.01487523	-2.34740629
1.37200000	-51.04078765	-0.01918496	0.01713435	-2.65352585
1.37400000	-51.00238497	-0.01914845	0.01936880	-2.95621887
1.37600000	-50.96405082	-0.01910750	0.02157824	-3.25544082
1.37800000	-50.92579414	-0.01906215	0.02376234	-3.55114847
1.38000000	-50.88762376	-0.01901246	0.02592079	-3.84329983
1.38200000	-50.84954843	-0.01895849	0.02805328	-4.13185421
1.38400000	-50.81157677	-0.01890027	0.03015952	-4.41677215
1.38600000	-50.77371731	-0.01883787	0.03223921	-4.69801546
1.38800000	-50.73597848	-0.01877133	0.03429208	-4.97554723
1.39000000	-50.69836860	-0.01870072	0.03631786	-5.24933179
1.39200000	-50.66089588	-0.01862608	0.03831629	-5.51933474
1.39400000	-50.62356842	-0.01854747	0.04028711	-5.78552291
1.39600000	-50.58639422	-0.01846495	0.04223009	-6.04786441
1.39800000	-50.54938116	-0.01837857	0.04414500	-6.30632858
1.40000000	-50.51253701	-0.01828839	0.04603160	-6.56088601
1.40200000	-50.47586943	-0.01819446	0.04788968	-6.81150852
1.40400000	-50.43938596	-0.01809685	0.04971904	-7.05816918
1.40600000	-50.40309405	-0.01799560	0.05151948	-7.30084227
1.40800000	-50.36700100	-0.01789079	0.05329082	-7.53950332
1.41000000	-50.33111402	-0.01778246	0.05503287	-7.77412907
1.41200000	-50.29544019	-0.01767068	0.05674547	-8.00469748
1.41400000	-50.25998648	-0.01755550	0.05842845	-8.23118771
1.41600000	-50.22475975	-0.01743698	0.06008166	-8.45358014
1.41800000	-50.18976672	-0.01731519	0.06170496	-8.67185633
1.42000000	-50.15501401	-0.01719018	0.06329822	-8.88599905
1.42200000	-50.12050811	-0.01706202	0.06486131	-9.09599226
1.42400000	-50.08625539	-0.01693076	0.06639410	-9.30182107
1.42600000	-50.05226210	-0.01679646	0.06789650	-9.50347180
1.42800000	-50.01853438	-0.01665919	0.06936841	-9.70093190
1.43000000	-49.98507824	-0.01651901	0.07080972	-9.89419001
1.43200000	-49.95189956	-0.01637597	0.07222037	-10.08323590
1.43400000	-49.91900411	-0.01623015	0.07360026	-10.26806048
1.43600000	-49.88639753	-0.01608159	0.07494935	-10.44865582
1.43800000	-49.85408534	-0.01593037	0.07626756	-10.62501508
1.44000000	-49.82207294	-0.01577654	0.07755485	-10.79713257
1.44200000	-49.79036560	-0.01562017	0.07881119	-10.96500369
1.44400000	-49.75896847	-0.01546132	0.08003652	-11.12862494
1.44600000	-49.72788657	-0.01530005	0.08123084	-11.28799393
1.44800000	-49.69712481	-0.01513642	0.08239412	-11.44310932
1.45000000	-49.66668796	-0.01497049	0.08352635	-11.59397087
1.45200000	-49.63658067	-0.01480233	0.08462752	-11.74057940
1.45400000	-49.60680749	-0.01463200	0.08569766	-11.88293676
1.45600000	-49.57737280	-0.01445956	0.08673676	-12.02104587
1.45800000	-49.54828089	-0.01428507	0.08774486	-12.15491067
1.46000000	-49.51953592	-0.01410860	0.08872198	-12.28453613
1.46200000	-49.49114192	-0.01393021	0.08966815	-12.40992822
1.46400000	-49.46310279	-0.01374995	0.09058342	-12.53109391
1.46600000	-49.43542233	-0.01356789	0.09146784	-12.64804118
1.46800000	-49.40810419	-0.01338410	0.09232147	-12.76077898
1.47000000	-49.38115191	-0.01319863	0.09314437	-12.86931722
1.47200000	-49.35456891	-0.01301154	0.09393662	-12.97366677
1.47400000	-49.32835848	-0.01282290	0.09469830	-13.07383946
1.47600000	-49.30252378	-0.01263277	0.09542949	-13.16984803
1.47800000	-49.27706786	-0.01244120	0.09613028	-13.26170618
1.48000000	-49.25199365	-0.01224827	0.09680078	-13.34942848
1.48200000	-49.22730396	-0.01205402	0.09744108	-13.43303043
1.48400000	-49.20300145	-0.01185852	0.09805132	-13.51252840
1.48600000	-49.17908871	-0.01166184	0.09863159	-13.58793963
1.48800000	-49.15556815	-0.01146402	0.09918204	-13.65928225
1.49000000	-49.13244211	-0.01126513	0.09970279	-13.72657522
1.49200000	-49.10971279	-0.01106523	0.10019398	-13.78983833
1.49400000	-49.08738228	-0.01086437	0.10065575	-13.84909223
1.49600000	-49.06545253	-0.01066262	0.10108826	-13.90435834
1.49800000	-49.04392539	-0.01046004	0.10149167	-13.95565892
1.50000000	-49.02280259	-0.01025668	0.10186612	-14.00301699
1.50200000	-49.00208575	-0.01005259	0.10221180	-14.04645635
1.50400000	-48.98177637	-0.00984785	0.10252888	-14.08600157
1.50600000	-48.96187582	-0.00964250	0.10281753	-14.12167797
1.50800000	-48.94238539	-0.00943660	0.10307794	-14.15351160
1.51000000	-48.92330621	-0.00923020	0.10331030	-14.18152923
1.51200000	-48.90463933	-0.00902337	0.10351481	-14.20575835
1.51400000	-48.88638569	-0.00881616	0.10369167	-14.22622713
1.51600000	-48.86854609	-0.00860862	0.10384107	-14.24296443
1.51800000	-48.85112125	-0.00840082	0.10396324	-14.25599980
1.52000000	-48.83411177	-0.00819279	0.10405839	-14.26536341
1.52200000	-48.81751814	-0.00798460	0.10412674	-14.27108610
1.52400000	-48.80134072	-0.00777630	0.10416851	-14.27319933
1.52600000	-48.78557981	-0.00756794	0.10418394	-14.27173517
1.52800000	-48.77023556	-0.00735958	0.10417325	-14.26672631
1.53000000	-48.75530804	-0.00715127	0.10413669	-14.25820600
1.53200000	-48.74079720	-0.00694305	0.10407450	-14.24620809
1.53400000	-48.72670290	-0.00673499	0.10398692	-14.23076698
1.53600000	-48.71302489	-0.00652712	0.10387421	-14.21191762
1.53800000	-48.69976282	-0.00631951	0.10373662	-14.18969550
1.54000000	-48.68691623	-0.00611219	0.10357442	-14.16413662
1.54200000	-48.67448459	-0.00590523	0.10338786	-14.13527749
1.54400000	-48.66246723	-0.00569866	0.10317721	-14.10315511
1.54600000	-48.65086342	-0.00549253	0.10294274	-14.06780698
1.54800000	-48.63967231	-0.00528690	0.10268472	-14.02927103
1.55000000	-48.62889297	-0.00508181	0.10240344	-13.98758567
1.55200000	-48.61852435	-0.00487730	0.10209917	-13.94278974
1.55400000	-48.60856534	-0.00467343	0.10177219	-13.89492250
1.55600000	-48.59901472	-0.00447023	0.10142279	-13.84402363
1.55800000	-48.58987118	-0.00426775	0.10105127	-13.79013319
1.56000000	-48.58113332	-0.00406604	0.10065791	-13.73329166
1.56200000	-48.57279966	-0.00386513	0.10024300	-13.67353984
1.56400000	-48.56486863	-0.00366508	0.09980686	-13.61091893
1.56600000	-48.55733856	-0.00346592	0.09934977	-13.54547044
1.56800000	-48.55020771	-0.00326770	0.09887205	-13.47723625
1.57000000	-48.54347426	-0.00307045	0.09837399	-13.40625852
1.57200000	-48.53713628	-0.00287421	0.09785590	-13.33257972
1.57400000	-48.53119180	-0.00267904	0.09731810	-13.25624262
1.57600000	-48.52563873	-0.00248495	0.09676090	-13.17729027
1.57800000	-48.52047493	-0.00229200	0.09618460	-13.09576597
1.58000000	-48.51569816	-0.00210023	0.09558953	-13.01171327
1.58200000	-48.51130613	-0.00190966	0.09497601	-12.92517596
1.58400000	-48.50729645	-0.00172034	0.09434435	-12.83619807
1.58600000	-48.50366667	-0.00153229	0.09369488	-12.74482382
1.58800000	-48.50041425	-0.00134557	0.09302791	-12.65109762
1.59000000	-48.49753662	-0.00116019	0.09234378	-12.55506410
1.59200000	-48.49503108	-0.00097620	0.09164280	-12.45676804
1.59400000	-48.49289492	-0.00079363	0.09092531	-12.35625437
1.59600000	-48.49112533	-0.00061251	0.09019164	-12.25356819
1.59800000	-48.48971942	-0.00043288	0.08944210	-12.14875471
1.60000000	-48.48867429	-0.00025475	0.08867704	-12.04185929
1.60200000	-48.48798691	-0.00007818	0.08789678	-11.93292737
1.60400000	-48.48765424	0.00009682	0.08710166	-11.82200452
1.60600000	-48.48767314	0.00027022	0.08629200	-11.70913635
1.60800000	-48.48804046	0.00044198	0.08546815	-11.59436859
1.61000000	-48.48875293	0.00061208	0.08463043	-11.47774700
1.61200000	-48.48980727	0.00078049	0.08377918	-11.35931741
1.61400000	-48.49120013	0.00094719	0.08291473	-11.23912566
1.61600000	-48.49292810	0.00111214	0.08203741	-11.11721763
1.61800000	-48.49498773	0.00127533	0.08114757	-10.99363923
1.62000000	-48.49737550	0.00143673	0.08024554	-10.86843634
1.62200000	-48.50008786	0.00159631	0.07933165	-10.74165486
1.62400000	-48.50312119	0.00175404	0.07840624	-10.61334064
1.62600000	-48.50647185	0.00190992	0.07746964	-10.48353953
1.62800000	-48.51013613	0.00206392	0.07652219	-10.35229730
1.63000000	-48.51411029	0.00221600	0.07556421	-10.21965970
1.63200000	-48.51839053	0.00236617	0.07459606	-10.08567240
1.63400000	-48.52297302	0.00251438	0.07361805	-9.95038099
1.63600000	-48.52785390	0.00266063	0.07263052	-9.81383097
1.63800000	-48.53302924	0.00280490	0.07163380	-9.67606777
1.64000000	-48.53849510	0.00294716	0.07062823	-9.53713667
1.64200000	-48.54424750	0.00308741	0.06961414	-9.39708287
1.64400000	-48.55028240	0.00322561	0.06859185	-9.25595142
1.64600000	-48.55659576	0.00336177	0.06756169	-9.11378724
1.64800000	-48.56318349	0.00349585	0.06652399	-8.97063509
1.65000000	-48.57004145	0.00362786	0.06547909	-8.82653960
1.65200000	-48.57716551	0.00375777	0.06442730	-8.68154520
1.65400000	-48.58455149	0.00388556	0.06336894	-8.53569616
1.65600000	-48.59219517	0.00401124	0.06230435	-8.38903656
1.65800000	-48.60009233	0.00413478	0.06123384	-8.24161028
1.66000000	-48.60823870	0.00425617	0.06015774	-8.09346101
1.66200000	-48.61663000	0.00437540	0.05907636	-7.94463220
1.66400000	-48.62526194	0.00449247	0.05799002	-7.79516709
1.66600000	-48.63413018	0.00460736	0.05689903	-7.64510870
1.66800000	-48.64323037	0.00472006	0.05580371	-7.49449980
1.67000000	-48.65255817	0.00483057	0.05470438	-7.34338289
1.67200000	-48.66210917	0.00493888	0.05360133	-7.19180026
1.67400000	-48.67187899	0.00504498	0.05249489	-7.03979388
1.67600000	-48.68186322	0.00514886	0.05138536	-6.88740548
1.67800000	-48.69205742	0.00525052	0.05027303	-6.73467651
1.68000000	-48.70245716	0.00534995	0.04915822	-6.58164812
1.68200000	-48.71305800	0.00544715	0.04804123	-6.42836115
1.68400000	-48.72385547	0.00554211	0.04692234	-6.27485617
1.68600000	-48.73484510	0.00563484	0.04580187	-6.12117340
1.68800000	-48.74602242	0.00572532	0.04468010	-5.96735277
1.69000000	-48.75738295	0.00581356	0.04355732	-5.81343387
1.69200000	-48.76892220	0.00589955	0.04243382	-5.65945596
1.69400000	-48.78063567	0.00598329	0.04130990	-5.50545796
1.69600000	-48.79251888	0.00606479	0.04018582	-5.35147843
1.69800000	-48.80456734	0.00614403	0.03906189	-5.19755561
1.70000000	-48.81677653	0.00622103	0.03793836	-5.04372736
1.70200000	-48.82914197	0.00629579	0.03681553	-4.89003115
1.70400000	-48.84165917	0.00636830	0.03569366	-4.73650413
1.70600000	-48.85432363	0.00643856	0.03457302	-4.58318304
1.70800000	-48.86713086	0.00650659	0.03345389	-4.43010424
1.71000000	-48.88007639	0.00657238	0.03233653	-4.27730370
1.71200000	-48.89315573	0.00663594	0.03122119	-4.12481700
1.71400000	-48.90636442	0.00669727	0.03010815	-3.97267933
1.71600000	-48.91969800	0.00675637	0.02899766	-3.82092546
1.71800000	-48.93315200	0.00681326	0.02788997	-3.66958975
1.72000000	-48.94672200	0.00686793	0.02678533	-3.51870615
1.72200000	-48.96040357	0.00692040	0.02568399	-3.36830820
1.72400000	-48.97419227	0.00697067	0.02458619	-3.21842901
1.72600000	-48.98808371	0.00701875	0.02349218	-3.06910125
1.72800000	-49.00207349	0.00706464	0.02240220	-2.92035716
1.73000000	-49.01615725	0.00710836	0.02131648	-2.77222857
1.73200000	-49.03033062	0.00714991	0.02023525	-2.62474684
1.73400000	-49.04458925	0.00718931	0.01915874	-2.47794289
1.73600000	-49.05892883	0.00722655	0.01808717	-2.33184719
1.73800000	-49.07334504	0.00726166	0.01702078	-2.18648978
1.74000000	-49.08783361	0.00729464	0.01595978	-2.04190022
1.74200000	-49.10239025	0.00732550	0.01490438	-1.89810763
1.74400000	-49.11701074	0.00735426	0.01385480	-1.75514064
1.74600000	-49.13169085	0.00738092	0.01281125	-1.61302745
1.74800000	-49.14642638	0.00740551	0.01177392	-1.47179577
1.75000000	-49.16121316	0.00742802	0.01074303	-1.33147285
1.75200000	-49.17604703	0.00744848	0.00971878	-1.19208547
1.75400000	-49.19092388	0.00746690	0.00870135	-1.05365991
1.75600000	-49.20583961	0.00748329	0.00769095	-0.91622201
1.75800000	-49.22079014	0.00749767	0.00668775	-0.77979710
1.76000000	-49.23577145	0.00751005	0.00569195	-0.64441005
1.76200000	-49.25077950	0.00752044	0.00470372	-0.51008524
1.76400000	-49.26581032	0.00752887	0.00372325	-0.37684655
1.76600000	-49.28085997	0.00753534	0.00275070	-0.24471739
1.76800000	-49.29592450	0.00753988	0.00178626	-0.11372068
1.77000000	-49.31100005	0.00754249	0.00083008	0.01612115
1.77200000	-49.32608274	0.00754320	-0.00011767	0.14478616
1.77400000	-49.34116875	0.00754203	-0.00105683	0.27225291
1.77600000	-49.35625430	0.00753898	-0.00198725	0.39850044
1.77800000	-49.37133562	0.00753409	-0.00290876	0.52350830
1.78000000	-49.38640899	0.00752735	-0.00382123	0.64725651
1.78200000	-49.40147074	0.00751881	-0.00472450	0.76972560
1.78400000	-49.41651720	0.00750846	-0.00561844	0.89089660
1.78600000	-49.43154477	0.00749634	-0.00650289	1.01075102
1.78800000	-49.44654986	0.00748246	-0.00737774	1.12927087
1.79000000	-49.46152895	0.00746683	-0.00824285	1.24643867
1.79200000	-49.47647853	0.00744949	-0.00909809	1.36223741
1.79400000	-49.49139514	0.00743045	-0.00994334	1.47665059
1.79600000	-49.50627537	0.00740973	-0.01077847	1.58966221
1.79800000	-49.52111582	0.00738734	-0.01160337	1.70125674
1.80000000	-49.53591316	0.00736332	-0.01241793	1.81141918
1.80200000	-49.55066409	0.00733768	-0.01322204	1.92013498
1.80400000	-49.56536536	0.00731044	-0.01401558	2.02739012
1.80600000	-49.58001374	0.00728162	-0.01479847	2.13317106
1.80800000	-49.59460606	0.00725125	-0.01557059	2.23746472
1.81000000	-49.60913919	0.00721935	-0.01633186	2.34025856
1.81200000	-49.62361004	0.00718593	-0.01708218	2.44154048
1.81400000	-49.63801557	0.00715103	-0.01782146	2.54129890
1.81600000	-49.65235277	0.00711465	-0.01854963	2.63952270
1.81800000	-49.66661869	0.00707683	-0.01926659	2.73620127
1.82000000	-49.68081042	0.00703759	-0.01997227	2.83132446
1.82200000	-49.69492508	0.00699695	-0.02066660	2.92488259
1.82400000	-49.70895986	0.00695493	-0.02134951	3.01686649
1.82600000	-49.72291198	0.00691156	-0.02202092	3.10726745
1.82800000	-49.73677870	0.00686686	-0.02268078	3.19607721
1.83000000	-49.75055734	0.00682085	-0.02332903	3.28328802
1.83200000	-49.76424526	0.00677355	-0.02396561	3.36889258
1.83400000	-49.77783987	0.00672499	-0.02459046	3.45288405
1.83600000	-49.79133862	0.00667520	-0.02520353	3.53525606
1.83800000	-49.80473902	0.00662419	-0.02580479	3.61600271
1.84000000	-49.81803860	0.00657199	-0.02639418	3.69511855
1.84200000	-49.83123497	0.00651862	-0.02697167	3.77259859
1.84400000	-49.84432576	0.00646411	-0.02753722	3.84843828
1.84600000	-49.85730868	0.00640848	-0.02809079	3.92263353
1.84800000	-49.87018144	0.00635175	-0.02863236	3.99518070
1.85000000	-49.88294185	0.00629396	-0.02916190	4.06607660
1.85200000	-49.89558773	0.00623511	-0.02967939	4.13531846
1.85400000	-49.90811697	0.00617525	-0.03018481	4.20290396
1.85600000	-49.92052750	0.00611438	-0.03067813	4.26883121
1.85800000	-49.93281729	0.00605254	-0.03115935	4.33309875
1.86000000	-49.94498437	0.00598975	-0.03162846	4.39570556
1.86200000	-49.95702682	0.00592604	-0.03208544	4.45665103
1.86400000	-49.96894276	0.00586142	-0.03253030	4.51593496
1.86600000	-49.98073036	0.00579592	-0.03296303	4.57355760
1.86800000	-49.99238785	0.00572957	-0.03338363	4.62951957
1.87000000	-50.00391348	0.00566240	-0.03379211	4.68382193
1.87200000	-50.01530559	0.00559441	-0.03418848	4.73646613
1.87400000	-50.02656253	0.00552565	-0.03457275	4.78745402
1.87600000	-50.03768272	0.00545613	-0.03494492	4.83678785
1.87800000	-50.04866463	0.00538588	-0.03530502	4.88447027
1.88000000	-50.05950675	0.00531492	-0.03565307	4.93050430
1.88200000	-50.07020767	0.00524327	-0.03598908	4.97489336
1.88400000	-50.08076597	0.00517097	-0.03631309	5.01764124
1.88600000	-50.09118032	0.00509803	-0.03662512	5.05875210
1.88800000	-50.10144943	0.00502448	-0.03692520	5.09823048
1.89000000	-50.11157203	0.00495034	-0.03721336	5.13608129
1.89200000	-50.12154695	0.00487563	-0.03748964	5.17230979
1.89400000	-50.13137301	0.00480039	-0.03775409	5.20692160
1.89600000	-50.14104911	0.00472462	-0.03800673	5.23992269
1.89800000	-50.15057421	0.00464837	-0.03824761	5.27131940
1.90000000	-50.15994728	0.00457164	-0.03847678	5.30111838
1.90200000	-50.16916736	0.00449447	-0.03869429	5.32932663
1.90400000	-50.17823354	0.00441687	-0.03890019	5.35595150
1.90600000	-50.18714495	0.00433887	-0.03909454	5.38100064
1.90800000	-50.19590076	0.00426050	-0.03927738	5.40448204
1.91000000	-50.20450020	0.00418177	-0.03944877	5.42640402
1.91200000	-50.21294253	0.00410271	-0.03960879	5.44677519
1.91400000	-50.22122707	0.00402335	-0.03975748	5.46560447
1.91600000	-50.22935318	0.00394369	-0.03989492	5.48290111
1.91800000	-50.23732026	0.00386377	-0.04002118	5.49867463
1.92000000	-50.24512776	0.00378361	-0.04013631	5.51293487
1.92200000	-50.25277519	0.00370324	-0.04024040	5.52569192
1.92400000	-50.26026207	0.00362266	-0.04033352	5.53695620
1.92600000	-50.26758800	0.00354191	-0.04041574	5.54673837
1.92800000	-50.27475259	0.00346100	-0.04048714	5.55504939
1.93000000	-50.28175553	0.00337997	-0.04054781	5.56190047
1.93200000	-50.28859652	0.00329882	-0.04059781	5.56730309
1.93400000	-50.29527532	0.00321758	-0.04063725	5.57126898
1.93600000	-50.30179174	0.00313628	-0.04066620	5.57381014
1.93800000	-50.30814561	0.00305492	-0.04068475	5.57493879
1.94000000	-50.31433682	0.00297355	-0.04069298	5.57466743
1.94200000	-50.32036529	0.00289216	-0.04069100	5.57300876
1.94400000	-50.32623099	0.00281079	-0.04067890	5.56997572
1.94600000	-50.33193394	0.00272945	-0.04065676	5.56558148
1.94800000	-50.33747417	0.00264817	-0.04062468	5.55983944
1.95000000	-50.34285178	0.00256696	-0.04058277	5.55276320
1.95200000	-50.34806689	0.00248584	-0.04053112	5.54436658
1.95400000	-50.35311967	0.00240484	-0.04046983	5.53466359
1.95600000	-50.35801034	0.00232397	-0.04039900	5.52366846
1.95800000	-50.36273912	0.00224325	-0.04031875	5.51139559
1.96000000	-50.36730632	0.00216270	-0.04022916	5.49785960
1.96200000	-50.37171224	0.00208234	-0.04013036	5.48307525
1.96400000	-50.37595725	0.00200219	-0.04002245	5.46705752
1.96600000	-50.38004174	0.00192226	-0.03990553	5.44982153
1.96800000	-50.38396614	0.00184257	-0.03977972	5.43138259
1.97000000	-50.38773093	0.00176314	-0.03964513	5.41175616
1.97200000	-50.39133659	0.00168400	-0.03950187	5.39095786
1.97400000	-50.39478369	0.00160514	-0.03935006	5.36900346
1.97600000	-50.39807277	0.00152660	-0.03918981	5.34590887
1.97800000	-50.40120446	0.00144839	-0.03902123	5.32169015
1.98000000	-50.40417939	0.00137052	-0.03884445	5.29636350
1.98200000	-50.40699824	0.00129302	-0.03865959	5.26994523
1.98400000	-50.40966172	0.00121589	-0.03846675	5.24245179
1.98600000	-50.41217056	0.00113915	-0.03826607	5.21389974
1.98800000	-50.41452553	0.00106283	-0.03805766	5.18430577
1.99000000	-50.41672744	0.00098693	-0.03784165	5.15368666
1.99200000	-50.41877713	0.00091147	-0.03761815	5.12205931
1.99400000	-50.42067545	0.00083646	-0.03738729	5.08944071
1.99600000	-50.42242330	0.00076192	-0.03714920	5.05584794
1.99800000	-50.42402161	0.00068787	-0.03690400	5.02129818
