-0.00000000	0.00000000	0.00000000	-4.02167883	550.97000000
0.00200000	0.00000000	-0.00804336	-4.16964830	571.24181752
0.00400000	-0.01608672	-0.01638265	-4.31521560	591.18453764
0.00600000	-0.04885202	-0.02501309	-4.45836680	610.79625224
0.00800000	-0.09887819	-0.03392982	-4.59908871	630.07515294
0.01000000	-0.16673783	-0.04312800	-4.73736884	649.01953069
0.01200000	-0.25299383	-0.05260273	-4.87319544	667.62777526
0.01400000	-0.35819929	-0.06234913	-5.00655748	685.89837471
0.01600000	-0.48289754	-0.07236224	-5.13744463	703.82991486
0.01800000	-0.62762202	-0.08263713	-5.26584729	721.42107876
0.02000000	-0.79289628	-0.09316882	-5.39175654	738.67064608
0.02200000	-0.97923393	-0.10395234	-5.51516418	755.57749257
0.02400000	-1.18713860	-0.11498267	-5.63606270	772.14058941
0.02600000	-1.41710394	-0.12625479	-5.75444527	788.35900260
0.02800000	-1.66961352	-0.13776368	-5.87030578	804.23189230
0.03000000	-1.94514088	-0.14950429	-5.98363878	819.75851220
0.03200000	-2.24414946	-0.16147157	-6.09443948	834.93820881
0.03400000	-2.56709261	-0.17366045	-6.20270380	849.77042079
0.03600000	-2.91441350	-0.18606586	-6.30842831	864.25467821
0.03800000	-3.28654522	-0.19868271	-6.41161023	878.39060184
0.04000000	-3.68391065	-0.21150593	-6.51224746	892.17790241
0.04200000	-4.10692251	-0.22453043	-6.61033854	905.61637983
0.04400000	-4.55598337	-0.23775111	-6.70588265	918.70592244
0.04600000	-5.03148558	-0.25116287	-6.79887961	931.44650620
0.04800000	-5.53381133	-0.26476063	-6.88932988	943.83819390
0.05000000	-6.06333259	-0.27853929	-1.41154113	193.38113433
0.05200000	-6.62041117	-0.28136237	-1.36358367	186.81096293
0.05400000	-7.18313591	-0.28408954	-1.31573098	180.25514383
0.05600000	-7.75131499	-0.28672100	-1.26799395	173.71517138
0.05800000	-8.32475700	-0.28925699	-1.22038337	167.19252221
0.06000000	-8.90327098	-0.29169776	-1.17290989	160.68865500
0.06200000	-9.48666649	-0.29404358	-1.12558402	154.20501028
0.06400000	-10.07475364	-0.29629474	-1.07841613	147.74301026
0.06600000	-10.66734313	-0.29845158	-1.03141649	141.30405864
0.06800000	-11.26424628	-0.30051441	-0.98459519	134.88954040
0.07000000	-11.86527510	-0.30248360	-0.93796220	128.50082170
0.07200000	-12.47024230	-0.30435952	-0.89152737	122.13924964
0.07400000	-13.07896135	-0.30614258	-0.84530038	115.80615214
0.07600000	-13.69124651	-0.30783318	-0.79929079	109.50283781
0.07800000	-14.30691287	-0.30943176	-0.75350800	103.23059573
0.08000000	-14.92577639	-0.31093878	-0.70796128	96.99069539
0.08200000	-15.54765395	-0.31235470	-0.66265976	90.78438651
0.08400000	-16.17236334	-0.31368002	-0.61761240	84.61289892
0.08600000	-16.79972338	-0.31491524	-0.57282805	78.47744247
0.08800000	-17.42955387	-0.31606090	-0.52831538	72.37920686
0.09000000	-18.06167567	-0.31711753	-0.48408293	66.31936156
0.09200000	-18.69591074	-0.31808570	-0.44013909	60.29905572
0.09400000	-19.33208213	-0.31896598	-0.39649210	54.31941805
0.09600000	-19.97001408	-0.31975896	-0.35315005	48.38155674
0.09800000	-20.60953200	-0.32046526	-0.31012087	42.48655937
0.10000000	-21.25046252	-0.32108550	-0.26741236	36.63549283
0.10200000	-21.89263352	-0.32162033	-0.22503214	30.82940324
0.10400000	-22.53587417	-0.32207039	-0.18298771	25.06931592
0.10600000	-23.18001495	-0.32243637	-0.14128639	19.35623527
0.10800000	-23.82488768	-0.32271894	-0.09993536	13.69114474
0.11000000	-24.47032556	-0.32291881	-0.05894166	8.07500682
0.11200000	-25.11616318	-0.32303669	-0.01831214	2.50876291
0.11400000	-25.76223656	-0.32307332	0.02194647	-3.00666664
0.11600000	-26.40838320	-0.32302942	0.06182761	-8.47038261
0.11800000	-27.05444204	-0.32290577	0.10132487	-13.88150692
0.12000000	-27.70025358	-0.32270312	0.14043199	-19.23918266
0.12200000	-28.34565982	-0.32242225	0.17914288	-24.54257409
0.12400000	-28.99050433	-0.32206397	0.21745158	-29.79086668
0.12600000	-29.63463227	-0.32162907	0.25535231	-34.98326710
0.12800000	-30.27789040	-0.32111836	0.29283944	-40.11900321
0.13000000	-30.92012712	-0.32053268	0.32990748	-45.19732408
0.13200000	-31.56119249	-0.31987287	0.36655109	-50.21749996
0.13400000	-32.20093822	-0.31913977	0.40276513	-55.17882229
0.13600000	-32.83921775	-0.31833424	0.43854455	-60.08060363
0.13800000	-33.47588622	-0.31745715	0.47388451	-64.92217771
0.14000000	-34.11080051	-0.31650938	0.50878029	-69.70289933
0.14200000	-34.74381927	-0.31549182	0.54322733	-74.42214436
0.14400000	-35.37480290	-0.31440536	0.57722124	-79.07930971
0.14600000	-36.00361362	-0.31325092	0.61075776	-83.67381325
0.14800000	-36.63011546	-0.31202940	0.64383280	-88.20509378
0.15000000	-37.25417427	-0.31074174	0.67644242	-92.67261100
0.15200000	-37.87565774	-0.30938885	0.70858281	-97.07584541
0.15400000	-38.49443545	-0.30797169	0.74025035	-101.41429826
0.15600000	-39.11037883	-0.30649119	0.77144154	-105.68749149
0.15800000	-39.72336120	-0.30494830	0.80215305	-109.89496766
0.16000000	-40.33325781	-0.30334400	0.83238168	-114.03628986
0.16200000	-40.93994580	-0.30167923	0.86212439	-118.11104164
0.16400000	-41.54330427	-0.29995499	0.89137830	-122.11882691
0.16600000	-42.14321424	-0.29817223	0.92014066	-126.05926988
0.16800000	-42.73955870	-0.29633195	0.94840887	-129.93201492
0.17000000	-43.33222260	-0.29443513	0.97618049	-133.73672650
0.17200000	-43.92109285	-0.29248277	1.00345320	-137.47308908
0.17400000	-44.50605839	-0.29047586	1.03022487	-141.14080698
0.17600000	-45.08701012	-0.28841541	1.05649346	-144.73960432
0.17800000	-45.66384094	-0.28630243	1.08225712	-148.26922483
0.18000000	-46.23644580	-0.28413791	1.10751410	-151.72943182
0.18200000	-46.80472162	-0.28192288	1.13226283	-155.12000799
0.18400000	-47.36856739	-0.27965836	1.15650186	-158.44075533
0.18600000	-47.92788410	-0.27734535	1.18022989	-161.69149499
0.18800000	-48.48257481	-0.27498489	1.20344575	-164.87206715
0.19000000	-49.03254460	-0.27257800	1.22614840	-167.98233088
0.19200000	-49.57770060	-0.27012571	1.24833696	-171.02216401
0.19400000	-50.11795201	-0.26762903	1.27001068	-173.99146296
0.19600000	-50.65321008	-0.26508901	1.29116892	-176.89014262
0.19800000	-51.18338810	-0.26250667	1.31181121	-179.71813620
0.20000000	-51.70840145	-0.25988305	1.33193719	-182.47539506
0.20200000	-52.22816755	-0.25721918	1.35154663	-185.16188857
0.20400000	-52.74260590	-0.25451608	1.37063944	-187.77760394
0.20600000	-53.25163806	-0.25177480	1.38921566	-190.32254607
0.20800000	-53.75518767	-0.24899637	1.40727546	-192.79673737
0.21000000	-54.25318042	-0.24618182	1.42481911	-195.20021761
0.21200000	-54.74554406	-0.24333218	1.44184703	-197.53304374
0.21400000	-55.23220843	-0.24044849	1.45835978	-199.79528971
0.21600000	-55.71310541	-0.23753177	1.47435800	-201.98704632
0.21800000	-56.18816895	-0.23458305	1.48984249	-204.10842100
0.22000000	-56.65733505	-0.23160337	1.50481414	-206.15953768
0.22200000	-57.12054179	-0.22859374	1.51927399	-208.14053657
0.22400000	-57.57772927	-0.22555519	1.53322317	-210.05157397
0.22600000	-58.02883966	-0.22248875	1.54666294	-211.89282212
0.22800000	-58.47381715	-0.21939542	1.55959466	-213.66446899
0.23000000	-58.91260799	-0.21627623	1.57201984	-215.36671808
0.23200000	-59.34516045	-0.21313219	1.58394006	-216.99978821
0.23400000	-59.77142483	-0.20996431	1.59535703	-218.56391339
0.23600000	-60.19135346	-0.20677360	1.60627257	-220.05934254
0.23800000	-60.60490065	-0.20356105	1.61668861	-221.48633934
0.24000000	-61.01202276	-0.20032767	1.62660717	-222.84518204
0.24200000	-61.41267811	-0.19707446	1.63603039	-224.13616319
0.24400000	-61.80682703	-0.19380240	1.64496051	-225.35958951
0.24600000	-62.19443183	-0.19051248	1.65339987	-226.51578165
0.24800000	-62.57545678	-0.18720568	1.66135090	-227.60507396
0.25000000	-62.94986814	-0.18388298	1.66881616	-228.62781432
0.25200000	-63.31763409	-0.18054534	1.67579828	-229.58436392
0.25400000	-63.67872478	-0.17719375	1.68229998	-230.47509702
0.25600000	-64.03311228	-0.17382915	1.68832409	-231.30040077
0.25800000	-64.38077058	-0.17045250	1.69387354	-232.06067497
0.26000000	-64.72167558	-0.16706475	1.69895133	-232.75633187
0.26200000	-65.05580508	-0.16366685	1.70356055	-233.38779595
0.26400000	-65.38313878	-0.16025973	1.70770441	-233.95550368
0.26600000	-65.70365824	-0.15684432	1.71138616	-234.45990335
0.26800000	-66.01734688	-0.15342155	1.71460916	-234.90145480
0.27000000	-66.32418998	-0.14999233	1.71737686	-235.28062921
0.27200000	-66.62417464	-0.14655758	1.71969277	-235.59790890
0.27400000	-66.91728979	-0.14311819	1.72156049	-235.85378710
0.27600000	-67.20352617	-0.13967507	1.72298371	-236.04876770
0.27800000	-67.48287631	-0.13622910	1.72396617	-236.18336507
0.28000000	-67.75533452	-0.13278117	1.72451171	-236.25810379
0.28200000	-68.02089686	-0.12933215	1.72462422	-236.27351846
0.28400000	-68.27956115	-0.12588290	1.72430769	-236.23015346
0.28600000	-68.53132695	-0.12243428	1.72356615	-236.12856272
0.28800000	-68.77619551	-0.11898715	1.72240372	-235.96930953
0.29000000	-69.01416981	-0.11554234	1.72082457	-235.75296625
0.29200000	-69.24525450	-0.11210069	1.71883295	-235.48011414
0.29400000	-69.46945588	-0.10866303	1.71643316	-235.15134310
0.29600000	-69.68678194	-0.10523016	1.71362957	-234.76725146
0.29800000	-69.89724226	-0.10180290	1.71042661	-234.32844576
0.30000000	-70.10084807	-0.09838205	1.70682876	-233.83554051
0.30200000	-70.29761217	-0.09496839	1.70284057	-233.28915795
0.30400000	-70.48754895	-0.09156271	1.69846663	-232.68992787
0.30600000	-70.67067437	-0.08816578	1.69371159	-232.03848733
0.30800000	-70.84700592	-0.08477835	1.68858015	-231.33548048
0.31000000	-71.01656263	-0.08140119	1.68307707	-230.58155830
0.31200000	-71.17936502	-0.07803504	1.67720714	-229.77737841
0.31400000	-71.33543510	-0.07468063	1.67097522	-228.92360480
0.31600000	-71.48479635	-0.07133867	1.66438619	-228.02090765
0.31800000	-71.62747370	-0.06800990	1.65744499	-227.06996308
0.32000000	-71.76349350	-0.06469501	1.65015659	-226.07145294
0.32200000	-71.89288353	-0.06139470	1.64252602	-225.02606458
0.32400000	-72.01567293	-0.05810965	1.63455833	-223.93449065
0.32600000	-72.13189222	-0.05484053	1.62625860	-222.79742883
0.32800000	-72.24157328	-0.05158801	1.61763198	-221.61558166
0.33000000	-72.34474931	-0.04835275	1.60868362	-220.38965631
0.33200000	-72.44145481	-0.04513538	1.59941872	-219.12036435
0.33400000	-72.53172557	-0.04193654	1.58984249	-217.80842151
0.33600000	-72.61559866	-0.03875686	1.57996020	-216.45454753
0.33800000	-72.69311238	-0.03559694	1.56977712	-215.05946589
0.34000000	-72.76430626	-0.03245739	1.55929857	-213.62390360
0.34200000	-72.82922103	-0.02933879	1.54852986	-212.14859101
0.34400000	-72.88789861	-0.02624173	1.53747636	-210.63426159
0.34600000	-72.94038207	-0.02316678	1.52614344	-209.08165170
0.34800000	-72.98671562	-0.02011449	1.51453650	-207.49150041
0.35000000	-73.02694459	-0.01708542	1.50266094	-205.86454927
0.35200000	-73.06111543	-0.01408009	1.49052221	-204.20154211
0.35400000	-73.08927561	-0.01109905	1.47812573	-202.50322483
0.35600000	-73.11147371	-0.00814280	1.46547697	-200.77034523
0.35800000	-73.12775931	-0.00521184	1.45258141	-199.00365273
0.36000000	-73.13818300	-0.00230668	1.43944451	-197.20389825
0.36200000	-73.14279636	0.00057221	1.42607178	-195.37183396
0.36400000	-73.14165194	0.00342435	1.41246871	-193.50821311
0.36600000	-73.13480324	0.00624929	1.39864080	-191.61378982
0.36800000	-73.12230466	0.00904657	1.38459357	-189.68931887
0.37000000	-73.10421152	0.01181576	1.37033252	-187.73555553
0.37200000	-73.08058001	0.01455642	1.35586318	-185.75325537
0.37400000	-73.05146716	0.01726815	1.34119105	-183.74317406
0.37600000	-73.01693086	0.01995053	1.32632166	-181.70606716
0.37800000	-72.97702980	0.02260317	1.31126051	-179.64268998
0.38000000	-72.93182345	0.02522570	1.29601312	-177.55379735
0.38200000	-72.88137206	0.02781772	1.28058499	-175.44014347
0.38400000	-72.82573662	0.03037889	1.26498162	-173.30248172
0.38600000	-72.76497884	0.03290885	1.24920850	-171.14156446
0.38800000	-72.69916113	0.03540727	1.23327112	-168.95814288
0.39000000	-72.62834658	0.03787381	1.21717494	-166.75296680
0.39200000	-72.55259895	0.04030816	1.20092543	-164.52678454
0.39400000	-72.47198263	0.04271001	1.18452805	-162.28034269
0.39600000	-72.38656260	0.04507907	1.16798822	-160.01438597
0.39800000	-72.29640445	0.04741505	1.15131137	-157.72965708
0.40000000	-72.20157436	0.04971767	1.13450289	-155.42689650
0.40200000	-72.10213902	0.05198668	1.11756819	-153.10684235
0.40400000	-71.99816567	0.05422181	1.10051263	-150.77023021
0.40600000	-71.88972204	0.05642284	1.08334155	-148.41779298
0.40800000	-71.77687637	0.05858952	1.06606030	-146.05026073
0.41000000	-71.65969733	0.06072164	1.04867416	-143.66836049
0.41200000	-71.53825404	0.06281899	1.03118844	-141.27281617
0.41400000	-71.41261607	0.06488137	1.01360838	-138.86434838
0.41600000	-71.28285333	0.06690858	0.99593923	-136.44367425
0.41800000	-71.14903617	0.06890046	0.97818618	-134.01150734
0.42000000	-71.01123524	0.07085683	0.96035443	-131.56855745
0.42200000	-70.86952158	0.07277754	0.94244913	-129.11553051
0.42400000	-70.72396649	0.07466244	0.92447539	-126.65312842
0.42600000	-70.57464161	0.07651139	0.90643831	-124.18204891
0.42800000	-70.42161882	0.07832427	0.88834296	-121.70298544
0.43000000	-70.26497029	0.08010095	0.87019436	-119.21662703
0.43200000	-70.10476838	0.08184134	0.85199750	-116.72365814
0.43400000	-69.94108569	0.08354534	0.83375736	-114.22475855
0.43600000	-69.77399501	0.08521285	0.81547886	-111.72060323
0.43800000	-69.60356931	0.08684381	0.79716688	-109.21186222
0.44000000	-69.42988169	0.08843814	0.77882628	-106.69920049
0.44200000	-69.25300540	0.08999580	0.76046188	-104.18327787
0.44400000	-69.07301380	0.09151672	0.74207846	-101.66474888
0.44600000	-68.88998036	0.09300088	0.72368075	-99.14426263
0.44800000	-68.70397861	0.09444824	0.70527345	-96.62246274
0.45000000	-68.51508213	0.09585879	0.68686122	-94.09998719
0.45200000	-68.32336456	0.09723251	0.66844867	-91.57746824
0.45400000	-68.12889954	0.09856941	0.65004038	-89.05553232
0.45600000	-67.93176073	0.09986949	0.63164088	-86.53479992
0.45800000	-67.73202176	0.10113277	0.61325464	-84.01588551
0.46000000	-67.52975622	0.10235928	0.59488611	-81.49939742
0.46200000	-67.32503766	0.10354905	0.57653969	-78.98593776
0.46400000	-67.11793956	0.10470213	0.55821972	-76.47610231
0.46600000	-66.90853531	0.10581857	0.53993051	-73.97048047
0.46800000	-66.69689817	0.10689843	0.52167631	-71.46965513
0.47000000	-66.48310131	0.10794178	0.50346133	-68.97420262
0.47200000	-66.26721774	0.10894870	0.48528973	-66.48469259
0.47400000	-66.04932033	0.10991928	0.46716561	-64.00168796
0.47600000	-65.82948177	0.11085362	0.44909303	-61.52574484
0.47800000	-65.60777453	0.11175180	0.43107600	-59.05741243
0.48000000	-65.38427093	0.11261395	0.41311849	-56.59723300
0.48200000	-65.15904302	0.11344019	0.39522439	-54.14574175
0.48400000	-64.93216264	0.11423064	0.37739757	-51.70346680
0.48600000	-64.70370136	0.11498543	0.35964182	-49.27092909
0.48800000	-64.47373049	0.11570472	0.34196089	-46.84864234
0.49000000	-64.24232106	0.11638864	0.32435849	-44.43711297
0.49200000	-64.00954378	0.11703736	0.30683825	-42.03684005
0.49400000	-63.77546906	0.11765103	0.28940376	-39.64831526
0.49600000	-63.54016700	0.11822984	0.27205856	-37.27202280
0.49800000	-63.30370731	0.11877396	0.25480613	-34.90843937
0.50000000	-63.06615940	0.11928357	0.23764988	-32.55803412
0.50200000	-62.82759226	0.11975887	0.22059320	-30.22126857
0.50400000	-62.58807452	0.12020006	0.20363939	-27.89859662
0.50600000	-62.34767440	0.12060734	0.18679171	-25.59046445
0.50800000	-62.10645973	0.12098092	0.17005336	-23.29731052
0.51000000	-61.86449790	0.12132103	0.15342749	-21.01956553
0.51200000	-61.62185584	0.12162788	0.13691717	-18.75765237
0.51400000	-61.37860008	0.12190171	0.12052545	-16.51198608
0.51600000	-61.13479665	0.12214277	0.10425528	-14.28297385
0.51800000	-60.89051112	0.12235128	0.08810960	-12.07101496
0.52000000	-60.64580857	0.12252750	0.07209125	-9.87650079
0.52200000	-60.40075358	0.12267168	0.05620303	-7.69981474
0.52400000	-60.15541022	0.12278408	0.04044768	-5.54133228
0.52600000	-59.90984206	0.12286498	0.02482789	-3.40142087
0.52800000	-59.66411210	0.12291464	0.00934628	-1.28043996
0.53000000	-59.41828283	0.12293333	-0.00599459	0.82125900
0.53200000	-59.17241617	0.12292134	-0.02119221	2.90333260
0.53400000	-58.92657349	0.12287895	-0.03624413	4.96544548
0.53600000	-58.68081559	0.12280647	-0.05114796	7.00727034
0.53800000	-58.43520265	0.12270417	-0.06590137	9.02848791
0.54000000	-58.18979431	0.12257237	-0.08050210	11.02878702
0.54200000	-57.94464958	0.12241136	-0.09494792	13.00786453
0.54400000	-57.69982685	0.12222147	-0.10923668	14.96542541
0.54600000	-57.45538392	0.12200299	-0.12336630	16.90118267
0.54800000	-57.21137793	0.12175626	-0.13733473	18.81485738
0.55000000	-56.96786541	0.12148159	-0.15113999	20.70617868
0.55200000	-56.72490223	0.12117931	-0.16478017	22.57488375
0.55400000	-56.48254360	0.12084975	-0.17825341	24.42071782
0.55600000	-56.24084410	0.12049324	-0.19155791	26.24343416
0.55800000	-55.99985761	0.12011013	-0.20469193	28.04279403
0.56000000	-55.75963735	0.11970074	-0.21765377	29.81856671
0.56200000	-55.52023586	0.11926544	-0.23044182	31.57052948
0.56400000	-55.28170499	0.11880455	-0.24305451	33.29846754
0.56600000	-55.04409588	0.11831844	-0.25549032	35.00217410
0.56800000	-54.80745899	0.11780746	-0.26774781	36.68145024
0.57000000	-54.57184406	0.11727197	-0.27982558	38.33610497
0.57200000	-54.33730013	0.11671232	-0.29172230	39.96595518
0.57400000	-54.10387549	0.11612887	-0.30343668	41.57082558
0.57600000	-53.87161775	0.11552200	-0.31496751	43.15054873
0.57800000	-53.64057375	0.11489206	-0.32631361	44.70496496
0.58000000	-53.41078962	0.11423944	-0.33747389	46.23392235
0.58200000	-53.18231074	0.11356449	-0.34844728	47.73727673
0.58400000	-52.95518177	0.11286759	-0.35923279	49.21489159
0.58600000	-52.72944658	0.11214913	-0.36982948	50.66663808
0.58800000	-52.50514832	0.11140947	-0.38023646	52.09239496
0.59000000	-52.28232938	0.11064900	-0.39045291	53.49204856
0.59200000	-52.06103138	0.10986809	-0.40047805	54.86549273
0.59400000	-51.84129520	0.10906714	-0.41031116	56.21262882
0.59600000	-51.62316093	0.10824651	-0.41995157	57.53336562
0.59800000	-51.40666790	0.10740661	-0.42939868	58.82761929
0.60000000	-51.19185468	0.10654781	-0.43865192	60.09531338
0.60200000	-50.97875906	0.10567051	-0.44771079	61.33637869
0.60400000	-50.76741804	0.10477509	-0.45657484	62.55075331
0.60600000	-50.55786787	0.10386194	-0.46524367	63.73838250
0.60800000	-50.35014399	0.10293145	-0.47371692	64.89921866
0.61000000	-50.14428109	0.10198402	-0.48199432	66.03322132
0.61200000	-49.94031306	0.10102003	-0.49007560	67.14035698
0.61400000	-49.73827300	0.10003988	-0.49796058	68.22059917
0.61600000	-49.53819325	0.09904396	-0.50564911	69.27392832
0.61800000	-49.34010534	0.09803266	-0.51314111	70.30033172
0.62000000	-49.14404002	0.09700637	-0.52043652	71.29980345
0.62200000	-48.95002727	0.09596550	-0.52753536	72.27234434
0.62400000	-48.75809627	0.09491043	-0.53443768	73.21796190
0.62600000	-48.56827541	0.09384156	-0.54114358	74.13667025
0.62800000	-48.38059230	0.09275927	-0.54765321	75.02849005
0.63000000	-48.19507376	0.09166396	-0.55396678	75.89344844
0.63200000	-48.01174584	0.09055603	-0.56008452	76.73157898
0.63400000	-47.83063378	0.08943586	-0.56600673	77.54292160
0.63600000	-47.65176206	0.08830385	-0.57173374	78.32752246
0.63800000	-47.47515437	0.08716038	-0.57726594	79.08543398
0.64000000	-47.30083361	0.08600585	-0.58260376	79.81671470
0.64200000	-47.12882192	0.08484064	-0.58774766	80.52142921
0.64400000	-46.95914064	0.08366514	-0.59269816	81.19964812
0.64600000	-46.79181035	0.08247975	-0.59745582	81.85144796
0.64800000	-46.62685086	0.08128484	-0.60202125	82.47691109
0.65000000	-46.46428118	0.08008079	-0.60639508	83.07612568
0.65200000	-46.30411960	0.07886800	-0.61057800	83.64918557
0.65400000	-46.14638359	0.07764685	-0.61457073	84.19619023
0.65600000	-45.99108990	0.07641771	-0.61837405	84.71724468
0.65800000	-45.83825448	0.07518096	-0.62198875	85.21245942
0.66000000	-45.68789257	0.07393698	-0.62541570	85.68195032
0.66200000	-45.54001861	0.07268615	-0.62865576	86.12583858
0.66400000	-45.39464631	0.07142884	-0.63170986	86.54425062
0.66600000	-45.25178864	0.07016542	-0.63457896	86.93731804
0.66800000	-45.11145780	0.06889626	-0.63726407	87.30517749
0.67000000	-44.97366528	0.06762173	-0.63976621	87.64797061
0.67200000	-44.83842182	0.06634220	-0.64208645	87.96584398
0.67400000	-44.70573742	0.06505803	-0.64422590	88.25894897
0.67600000	-44.57562137	0.06376957	-0.64618571	88.52744174
0.67800000	-44.44808222	0.06247720	-0.64796703	88.77148309
0.68000000	-44.32312781	0.06118127	-0.64957108	88.99123840
0.68200000	-44.20076527	0.05988213	-0.65099911	89.18687757
0.68400000	-44.08100102	0.05858013	-0.65225237	89.35857488
0.68600000	-43.96384076	0.05727562	-0.65333218	89.50650899
0.68800000	-43.84928952	0.05596896	-0.65423987	89.63086275
0.69000000	-43.73735160	0.05466048	-0.65497681	89.73182323
0.69200000	-43.62803064	0.05335053	-0.65554439	89.80958153
0.69400000	-43.52132959	0.05203944	-0.65594403	89.86433276
0.69600000	-43.41725071	0.05072755	-0.65617720	89.89627595
0.69800000	-43.31579561	0.04941519	-0.65624536	89.90561393
0.70000000	-43.21696522	0.04810270	-0.65615002	89.89255328
0.70200000	-43.12075981	0.04679040	-0.65589273	89.85730422
0.70400000	-43.02717901	0.04547862	-0.65547504	89.80008054
0.70600000	-42.93622177	0.04416767	-0.65489854	89.72109950
0.70800000	-42.84788643	0.04285787	-0.65416483	89.62058177
0.71000000	-42.76217069	0.04154954	-0.65327556	89.49875130
0.71200000	-42.67907161	0.04024299	-0.65223237	89.35583529
0.71400000	-42.59858562	0.03893853	-0.65103696	89.19206404
0.71600000	-42.52070857	0.03763645	-0.64969103	89.00767093
0.71800000	-42.44543567	0.03633707	-0.64819629	88.80289228
0.72000000	-42.37276153	0.03504068	-0.64655451	88.57796729
0.72200000	-42.30268017	0.03374757	-0.64476743	88.33313794
0.72400000	-42.23518504	0.03245803	-0.64283685	88.06864895
0.72600000	-42.17026897	0.03117236	-0.64076458	87.78474761
0.72800000	-42.10792425	0.02989083	-0.63855244	87.48168377
0.73000000	-42.04814259	0.02861373	-0.63620226	87.15970972
0.73200000	-41.99091514	0.02734132	-0.63371591	86.81908012
0.73400000	-41.93623250	0.02607389	-0.63109527	86.46005189
0.73600000	-41.88408472	0.02481170	-0.62834222	86.08288416
0.73800000	-41.83446132	0.02355501	-0.62545867	85.68783816
0.74000000	-41.78735129	0.02230410	-0.62244655	85.27517713
0.74200000	-41.74274310	0.02105920	-0.61930778	84.84516626
0.74400000	-41.70062469	0.01982059	-0.61604433	84.39807261
0.74600000	-41.66098351	0.01858850	-0.61265814	83.93416499
0.74800000	-41.62380651	0.01736318	-0.60915120	83.45371391
0.75000000	-41.58908015	0.01614488	-0.60552549	82.95699147
0.75200000	-41.55679038	0.01493383	-0.60178300	82.44427132
0.75400000	-41.52692272	0.01373026	-0.59792576	81.91582853
0.75600000	-41.49946219	0.01253441	-0.59395576	81.37193954
0.75800000	-41.47439337	0.01134650	-0.58987505	80.81288206
0.76000000	-41.45170037	0.01016675	-0.58568566	80.23893501
0.76200000	-41.43136687	0.00899538	-0.58138962	79.65037842
0.76400000	-41.41337611	0.00783260	-0.57698900	79.04749337
0.76600000	-41.39771091	0.00667862	-0.57248585	78.43056187
0.76800000	-41.38435366	0.00553365	-0.56788224	77.79986684
0.77000000	-41.37328636	0.00439789	-0.56318023	77.15569199
0.77200000	-41.36449059	0.00327153	-0.55838191	76.49832175
0.77400000	-41.35794753	0.00215476	-0.55348935	75.82804121
0.77600000	-41.35363801	0.00104778	-0.54850464	75.14513600
0.77800000	-41.35154244	-0.00004923	-0.54342987	74.44989228
0.78000000	-41.35164090	-0.00113609	-0.53826713	73.74259661
0.78200000	-41.35391307	-0.00221262	-0.53301851	73.02353588
0.78400000	-41.35833831	-0.00327866	-0.52768611	72.29299728
0.78600000	-41.36489562	-0.00433403	-0.52227203	71.55126816
0.78800000	-41.37356368	-0.00537857	-0.51677837	70.79863603
0.79000000	-41.38432083	-0.00641213	-0.51120721	70.03538840
0.79200000	-41.39714509	-0.00743454	-0.50556068	69.26181281
0.79400000	-41.41201418	-0.00844567	-0.49984085	68.47819668
0.79600000	-41.42890551	-0.00944535	-0.49404983	67.68482725
0.79800000	-41.44779620	-0.01043345	-0.48818972	66.88199156
0.80000000	-41.46866310	-0.01140983	-0.48226260	66.06997632
0.80200000	-41.49148275	-0.01237435	-0.47627057	65.24906788
0.80400000	-41.51623146	-0.01332689	-0.47021571	64.41955216
0.80600000	-41.54288524	-0.01426732	-0.46410011	63.58171456
0.80800000	-41.57141989	-0.01519552	-0.45792584	62.73583990
0.81000000	-41.60181094	-0.01611138	-0.45169498	61.88221239
0.81200000	-41.63403369	-0.01701477	-0.44540960	61.02111552
0.81400000	-41.66806323	-0.01790559	-0.43907177	60.15283201
0.81600000	-41.70387440	-0.01878373	-0.43268353	59.27764376
0.81800000	-41.74144185	-0.01964910	-0.42624695	58.39583178
0.82000000	-41.78074005	-0.02050159	-0.41976406	57.50767611
0.82200000	-41.82174323	-0.02134112	-0.41323690	56.61345581
0.82400000	-41.86442546	-0.02216759	-0.40666751	55.71344882
0.82600000	-41.90876065	-0.02298093	-0.40005790	54.80793200
0.82800000	-41.95472250	-0.02378104	-0.39341008	53.89718097
0.83000000	-42.00228459	-0.02456786	-0.38672606	52.98147014
0.83200000	-42.05142031	-0.02534132	-0.38000783	52.06107260
0.83400000	-42.10210294	-0.02610133	-0.37325737	51.13626006
0.83600000	-42.15430560	-0.02684785	-0.36647666	50.20730286
0.83800000	-42.20800129	-0.02758080	-0.35966766	49.27446982
0.84000000	-42.26316289	-0.02830013	-0.35283232	48.33802828
0.84200000	-42.31976316	-0.02900580	-0.34597258	47.39824398
0.84400000	-42.37777476	-0.02969774	-0.33909037	46.45538105
0.84600000	-42.43717024	-0.03037592	-0.33218761	45.50970192
0.84800000	-42.49792209	-0.03104030	-0.32526618	44.56146731
0.85000000	-42.56000269	-0.03169083	-0.31832800	43.61093617
0.85200000	-42.62338436	-0.03232749	-0.31137493	42.65836562
0.85400000	-42.68803933	-0.03295024	-0.30440884	41.70401091
0.85600000	-42.75393981	-0.03355906	-0.29743157	40.74812538
0.85800000	-42.82105792	-0.03415392	-0.29044497	39.79096038
0.86000000	-42.88936576	-0.03473481	-0.28345084	38.83276531
0.86200000	-42.95883538	-0.03530171	-0.27645100	37.87378746
0.86400000	-43.02943880	-0.03585461	-0.26944724	36.91427208
0.86600000	-43.10114802	-0.03639351	-0.26244133	35.95446225
0.86800000	-43.17393504	-0.03691839	-0.25543503	34.99459891
0.87000000	-43.24777182	-0.03742926	-0.24843008	34.03492074
0.87200000	-43.32263034	-0.03792612	-0.24142821	33.07566423
0.87400000	-43.39848258	-0.03840898	-0.23443112	32.11706352
0.87600000	-43.47530053	-0.03887784	-0.22744051	31.15935047
0.87800000	-43.55305621	-0.03933272	-0.22045806	30.20275454
0.88000000	-43.63172164	-0.03977364	-0.21348542	29.24750283
0.88200000	-43.71126892	-0.04020061	-0.20652423	28.29381998
0.88400000	-43.79167013	-0.04061365	-0.19957612	27.34192816
0.88600000	-43.87289744	-0.04101281	-0.19264268	26.39204707
0.88800000	-43.95492305	-0.04139809	-0.18572550	25.44439387
0.89000000	-44.03771924	-0.04176954	-0.17882615	24.49918314
0.89200000	-44.12125833	-0.04212720	-0.17194618	23.55662690
0.89400000	-44.20551272	-0.04247109	-0.16508711	22.61693453
0.89600000	-44.29045489	-0.04280126	-0.15825046	21.68031278
0.89800000	-44.37605742	-0.04311776	-0.15143771	20.74696573
0.90000000	-44.46229295	-0.04342064	-0.14465033	19.81709473
0.90200000	-44.54913422	-0.04370994	-0.13788977	18.89089845
0.90400000	-44.63655410	-0.04398572	-0.13115747	17.96857277
0.90600000	-44.72452554	-0.04424803	-0.12445482	17.05031085
0.90800000	-44.81302161	-0.04449694	-0.11778323	16.13630300
0.91000000	-44.90201550	-0.04473251	-0.11114406	15.22673675
0.91200000	-44.99148052	-0.04495480	-0.10453866	14.32179680
0.91400000	-45.08139011	-0.04516388	-0.09796836	13.42166497
0.91600000	-45.17171786	-0.04535981	-0.09143445	12.52652022
0.91800000	-45.26243749	-0.04554268	-0.08493824	11.63653862
0.92000000	-45.35352285	-0.04571256	-0.07848097	10.75189333
0.92200000	-45.44494796	-0.04586952	-0.07206390	9.87275459
0.92400000	-45.53668700	-0.04601365	-0.06568825	8.99928968
0.92600000	-45.62871430	-0.04614502	-0.05935520	8.13166296
0.92800000	-45.72100435	-0.04626373	-0.05306595	7.27003579
0.93000000	-45.81353181	-0.04636987	-0.04682165	6.41456656
0.93200000	-45.90627155	-0.04646351	-0.04062344	5.56541069
0.93400000	-45.99919857	-0.04654476	-0.03447241	4.72272056
0.93600000	-46.09228808	-0.04661370	-0.02836968	3.88664557
0.93800000	-46.18551548	-0.04667044	-0.02231629	3.05733207
0.94000000	-46.27885636	-0.04671507	-0.01631331	2.23492340
0.94200000	-46.37228651	-0.04674770	-0.01036175	1.41955986
0.94400000	-46.46578191	-0.04676842	-0.00446262	0.61137868
0.94600000	-46.55931875	-0.04677735	0.00138311	-0.18948591
0.94800000	-46.65287345	-0.04677458	0.00717447	-0.98290280
0.95000000	-46.74642262	-0.04676023	0.01291054	-1.76874388
0.95200000	-46.83994308	-0.04673441	0.01859040	-2.54688415
0.95400000	-46.93341191	-0.04669723	0.02421315	-3.31720164
0.95600000	-47.02680637	-0.04664881	0.02977794	-4.07957748
0.95800000	-47.12010398	-0.04658925	0.03528391	-4.83389585
0.96000000	-47.21328248	-0.04651868	0.04073025	-5.58004400
0.96200000	-47.30631984	-0.04643722	0.04611615	-6.31791226
0.96400000	-47.39919428	-0.04634499	0.05144083	-7.04739402
0.96600000	-47.49188426	-0.04624211	0.05670355	-7.76838575
0.96800000	-47.58436847	-0.04612870	0.06190355	-8.48078696
0.97000000	-47.67662587	-0.04600489	0.06704015	-9.18450024
0.97200000	-47.76863566	-0.04587081	0.07211264	-9.87943122
0.97400000	-47.86037728	-0.04572659	0.07712035	-10.56548861
0.97600000	-47.95183046	-0.04557235	0.08206266	-11.24258413
0.97800000	-48.04297515	-0.04540822	0.08693892	-11.91063256
0.98000000	-48.13379159	-0.04523434	0.09174855	-12.56955172
0.98200000	-48.22426028	-0.04505085	0.09649097	-13.21926244
0.98400000	-48.31436197	-0.04485786	0.10116561	-13.85968857
0.98600000	-48.40407770	-0.04465553	0.10577195	-14.49075697
0.98800000	-48.49338877	-0.04444399	0.11030947	-15.11239750
0.99000000	-48.58227675	-0.04422337	0.11477769	-15.72454300
0.99200000	-48.67072349	-0.04399381	0.11917613	-16.32712930
0.99400000	-48.75871112	-0.04375546	0.12350434	-16.92009519
0.99600000	-48.84622204	-0.04350845	0.12776192	-17.50338241
0.99800000	-48.93323895	-0.04325293	0.13194844	-18.07693564
1.00000000	-49.01974481	-0.04298903	0.13606352	-18.64070248
1.00200000	-49.10572288	-0.04271691	0.14010681	-19.19463347
1.00400000	-49.19115669	-0.04243669	0.14407797	-19.73868201
1.00600000	-49.27603007	-0.04214854	0.14797667	-20.27280443
1.00800000	-49.36032715	-0.04185258	0.15180263	-20.79695987
1.01000000	-49.44403231	-0.04154898	0.15555555	-21.31111037
1.01200000	-49.52713027	-0.04123787	0.15923519	-21.81522078
1.01400000	-49.60960600	-0.04091940	0.16284130	-22.30925878
1.01600000	-49.69144480	-0.04059371	0.16637368	-22.79319482
1.01800000	-49.77263222	-0.04026097	0.16983213	-23.26700217
1.02000000	-49.85315416	-0.03992130	0.17321647	-23.73065683
1.02200000	-49.93299676	-0.03957487	0.17652655	-24.18413755
1.02400000	-50.01214650	-0.03922182	0.17976223	-24.62742581
1.02600000	-50.09059013	-0.03886229	0.18292340	-25.06050578
1.02800000	-50.16831472	-0.03849644	0.18600996	-25.48336433
1.03000000	-50.24530761	-0.03812443	0.18902183	-25.89599094
1.03200000	-50.32155646	-0.03774638	0.19195896	-26.29837779
1.03400000	-50.39704922	-0.03736246	0.19482131	-26.69051962
1.03600000	-50.47177415	-0.03697282	0.19760886	-27.07241380
1.03800000	-50.54571979	-0.03657760	0.20032161	-27.44406023
1.04000000	-50.61887499	-0.03617696	0.20295957	-27.80546140
1.04200000	-50.69122891	-0.03577104	0.20552279	-28.15662227
1.04400000	-50.76277100	-0.03536000	0.20801132	-28.49755034
1.04600000	-50.83349099	-0.03494397	0.21042522	-28.82825554
1.04800000	-50.90337893	-0.03452312	0.21276460	-29.14875029
1.05000000	-50.97242518	-0.03409759	0.21502956	-29.45904938
1.05200000	-51.04062036	-0.03366753	0.21722022	-29.75917004
1.05400000	-51.10795543	-0.03323309	0.21933673	-30.04913183
1.05600000	-51.17442162	-0.03279442	0.22137925	-30.32895667
1.05800000	-51.24001046	-0.03235166	0.22334795	-30.59866878
1.06000000	-51.30471378	-0.03190497	0.22524303	-30.85829470
1.06200000	-51.36852371	-0.03145448	0.22706469	-31.10786317
1.06400000	-51.43143267	-0.03100035	0.22881318	-31.34740522
1.06600000	-51.49343337	-0.03054272	0.23048872	-31.57695404
1.06800000	-51.55451882	-0.03008175	0.23209157	-31.79654502
1.07000000	-51.61468231	-0.02961756	0.23362201	-32.00621566
1.07200000	-51.67391743	-0.02915032	0.23508033	-32.20600562
1.07400000	-51.73221807	-0.02868016	0.23646684	-32.39595661
1.07600000	-51.78957839	-0.02820722	0.23778184	-32.57611242
1.07800000	-51.84599284	-0.02773166	0.23902568	-32.74651884
1.08000000	-51.90145616	-0.02725361	0.24019871	-32.90722369
1.08200000	-51.95596338	-0.02677321	0.24130129	-33.05827673
1.08400000	-52.00950981	-0.02629061	0.24233379	-33.19972966
1.08600000	-52.06209103	-0.02580594	0.24329661	-33.33163610
1.08800000	-52.11370291	-0.02531935	0.24419016	-33.45405152
1.09000000	-52.16434161	-0.02483097	0.24501484	-33.56703324
1.09200000	-52.21400354	-0.02434094	0.24577110	-33.67064041
1.09400000	-52.26268542	-0.02384940	0.24645937	-33.76493395
1.09600000	-52.31038422	-0.02335648	0.24708012	-33.84997651
1.09800000	-52.35709717	-0.02286232	0.24763381	-33.92583248
1.10000000	-52.40282181	-0.02236705	0.24812093	-33.99256792
1.10200000	-52.44755591	-0.02187081	0.24854197	-34.05025056
1.10400000	-52.49129752	-0.02137372	0.24889744	-34.09894973
1.10600000	-52.53404497	-0.02087593	0.24918786	-34.13873637
1.10800000	-52.57579683	-0.02037755	0.24941374	-34.16968295
1.11000000	-52.61655194	-0.01987873	0.24957565	-34.19186350
1.11200000	-52.65630939	-0.01937957	0.24967411	-34.20535351
1.11400000	-52.69506854	-0.01888023	0.24970971	-34.21022993
1.11600000	-52.73282899	-0.01838081	0.24968300	-34.20657117
1.11800000	-52.76959061	-0.01788144	0.24959458	-34.19445699
1.12000000	-52.80535349	-0.01738225	0.24944503	-34.17396854
1.12200000	-52.84011799	-0.01688336	0.24923495	-34.14518829
1.12400000	-52.87388472	-0.01638489	0.24896496	-34.10820001
1.12600000	-52.90665450	-0.01588696	0.24863568	-34.06308872
1.12800000	-52.93842843	-0.01538969	0.24824774	-34.00994069
1.13000000	-52.96920781	-0.01489320	0.24780178	-33.94884337
1.13200000	-52.99899420	-0.01439759	0.24729843	-33.87988538
1.13400000	-53.02778938	-0.01390299	0.24673837	-33.80315648
1.13600000	-53.05559537	-0.01340952	0.24612224	-33.71874752
1.13800000	-53.08241441	-0.01291727	0.24545073	-33.62675041
1.14000000	-53.10824896	-0.01242637	0.24472451	-33.52725811
1.14200000	-53.13310170	-0.01193692	0.24394427	-33.42036457
1.14400000	-53.15697555	-0.01144903	0.24311069	-33.30616472
1.14600000	-53.17987362	-0.01096281	0.24222448	-33.18475441
1.14800000	-53.20179924	-0.01047836	0.24128635	-33.05623041
1.15000000	-53.22275597	-0.00999579	0.24029701	-32.92069034
1.15200000	-53.24274756	-0.00951520	0.23925717	-32.77823269
1.15400000	-53.26177795	-0.00903668	0.23816757	-32.62895672
1.15600000	-53.27985132	-0.00856035	0.23702892	-32.47296250
1.15800000	-53.29697201	-0.00808629	0.23584198	-32.31035082
1.16000000	-53.31314460	-0.00761461	0.23460747	-32.14122318
1.16200000	-53.32837381	-0.00714539	0.23332614	-31.96568178
1.16400000	-53.34266459	-0.00667874	0.23199876	-31.78382945
1.16600000	-53.35602207	-0.00621474	0.23062606	-31.59576963
1.16800000	-53.36845155	-0.00575349	0.22920881	-31.40160637
1.17000000	-53.37995853	-0.00529507	0.22774777	-31.20144424
1.17200000	-53.39054868	-0.00483958	0.22624371	-30.99538836
1.17400000	-53.40022783	-0.00438709	0.22469740	-30.78354434
1.17600000	-53.40900201	-0.00393769	0.22310962	-30.56601822
1.17800000	-53.41687739	-0.00349147	0.22148114	-30.34291651
1.18000000	-53.42386034	-0.00304851	0.21981275	-30.11434610
1.18200000	-53.42995737	-0.00260889	0.21810521	-29.88041425
1.18400000	-53.43517514	-0.00217268	0.21635933	-29.64122855
1.18600000	-53.43952050	-0.00173996	0.21457589	-29.39689692
1.18800000	-53.44300041	-0.00131081	0.21275568	-29.14752755
1.19000000	-53.44562202	-0.00088529	0.21089948	-28.89322888
1.19200000	-53.44739261	-0.00046350	0.20900810	-28.63410957
1.19400000	-53.44831961	-0.00004548	0.20708232	-28.37027847
1.19600000	-53.44841057	0.00036868	0.20512295	-28.10184460
1.19800000	-53.44767320	0.00077893	0.20313078	-27.82891712
1.20000000	-53.44611533	0.00118519	0.20110661	-27.55160528
1.20200000	-53.44374495	0.00158741	0.19905123	-27.27001842
1.20400000	-53.44057014	0.00198551	0.19696544	-26.98426592
1.20600000	-53.43659912	0.00237944	0.19485005	-26.69445721
1.20800000	-53.43184024	0.00276914	0.19270585	-26.40070168
1.21000000	-53.42630197	0.00315455	0.19053364	-26.10310871
1.21200000	-53.41999286	0.00353562	0.18833422	-25.80178761
1.21400000	-53.41292163	0.00391229	0.18610838	-25.49684762
1.21600000	-53.40509706	0.00428450	0.18385692	-25.18839786
1.21800000	-53.39652805	0.00465222	0.18158064	-24.87654731
1.22000000	-53.38722361	0.00501538	0.17928033	-24.56140479
1.22200000	-53.37719286	0.00537394	0.17695678	-24.24307894
1.22400000	-53.36644498	0.00572785	0.17461079	-23.92167816
1.22600000	-53.35498927	0.00607707	0.17224314	-23.59731064
1.22800000	-53.34283513	0.00642156	0.16985463	-23.27008429
1.23000000	-53.32999201	0.00676127	0.16744603	-22.94010675
1.23200000	-53.31646947	0.00709616	0.16501814	-22.60748532
1.23400000	-53.30227714	0.00742620	0.16257173	-22.27232698
1.23600000	-53.28742475	0.00775134	0.16010758	-21.93473837
1.23800000	-53.27192206	0.00807156	0.15762647	-21.59482571
1.24000000	-53.25577895	0.00838681	0.15512916	-21.25269484
1.24200000	-53.23900533	0.00869707	0.15261643	-20.90845117
1.24400000	-53.22161120	0.00900230	0.15008905	-20.56219965
1.24600000	-53.20360659	0.00930248	0.14754777	-20.21404478
1.24800000	-53.18500164	0.00959757	0.14499336	-19.86409053
1.25000000	-53.16580649	0.00988756	0.14242657	-19.51244040
1.25200000	-53.14603136	0.01017241	0.13984816	-19.15919731
1.25400000	-53.12568654	0.01045211	0.13725886	-18.80446367
1.25600000	-53.10478231	0.01072663	0.13465943	-18.44834127
1.25800000	-53.08332906	0.01099595	0.13205059	-18.09093134
1.26000000	-53.06133716	0.01126005	0.12943310	-17.73233446
1.26200000	-53.03881707	0.01151891	0.12680767	-17.37265061
1.26400000	-53.01577924	0.01177253	0.12417503	-17.01197910
1.26600000	-52.99223418	0.01202088	0.12153590	-16.65041855
1.26800000	-52.96819242	0.01226395	0.11889100	-16.28806692
1.27000000	-52.94366452	0.01250173	0.11624103	-15.92502144
1.27200000	-52.91866105	0.01273422	0.11358671	-15.56137862
1.27400000	-52.89319262	0.01296139	0.11092872	-15.19723424
1.27600000	-52.86726984	0.01318325	0.10826776	-14.83268329
1.27800000	-52.84090334	0.01339978	0.10560453	-14.46782001
1.28000000	-52.81410378	0.01361099	0.10293969	-14.10273783
1.28200000	-52.78688180	0.01381687	0.10027394	-13.73752938
1.28400000	-52.75924806	0.01401742	0.09760793	-13.37228646
1.28600000	-52.73121322	0.01421263	0.09494234	-13.00710003
1.28800000	-52.70278795	0.01440252	0.09227781	-12.64206021
1.29000000	-52.67398291	0.01458707	0.08961501	-12.27725623
1.29200000	-52.64480876	0.01476630	0.08695457	-11.91277645
1.29400000	-52.61527615	0.01494021	0.08429714	-11.54870833
1.29600000	-52.58539573	0.01510881	0.08164335	-11.18513841
1.29800000	-52.55517811	0.01527209	0.07899381	-10.82215232
1.30000000	-52.52463392	0.01543008	0.07634916	-10.45983476
1.30200000	-52.49377376	0.01558278	0.07371000	-10.09826945
1.30400000	-52.46260819	0.01573020	0.07107693	-9.73753918
1.30600000	-52.43114779	0.01587235	0.06845055	-9.37772576
1.30800000	-52.39940308	0.01600926	0.06583146	-9.01891002
1.31000000	-52.36738457	0.01614092	0.06322023	-8.66117177
1.31200000	-52.33510273	0.01626736	0.06061744	-8.30458985
1.31400000	-52.30256802	0.01638859	0.05802366	-7.94924207
1.31600000	-52.26979083	0.01650464	0.05543945	-7.59520521
1.31800000	-52.23678155	0.01661552	0.05286537	-7.24255502
1.32000000	-52.20355051	0.01672125	0.05030194	-6.89136620
1.32200000	-52.17010800	0.01682185	0.04774973	-6.54171241
1.32400000	-52.13646429	0.01691735	0.04520924	-6.19366623
1.32600000	-52.10262959	0.01700777	0.04268102	-5.84729920
1.32800000	-52.06861404	0.01709313	0.04016556	-5.50268174
1.33000000	-52.03442777	0.01717347	0.03766338	-5.15988322
1.33200000	-52.00008084	0.01724879	0.03517498	-4.81897190
1.33400000	-51.96558325	0.01731914	0.03270084	-4.48001496
1.33600000	-51.93094497	0.01738454	0.03024145	-4.14307844
1.33800000	-51.89617588	0.01744503	0.02779728	-3.80822731
1.34000000	-51.86128583	0.01750062	0.02536880	-3.47552538
1.34200000	-51.82628458	0.01755136	0.02295646	-3.14503537
1.34400000	-51.79118186	0.01759727	0.02056072	-2.81681886
1.34600000	-51.75598732	0.01763839	0.01818202	-2.49093630
1.34800000	-51.72071053	0.01767476	0.01582078	-2.16744698
1.35000000	-51.68536102	0.01770640	0.01347744	-1.84640908
1.35200000	-51.64994822	0.01773335	0.01115241	-1.52787963
1.35400000	-51.61448151	0.01775566	0.00884609	-1.21191448
1.35600000	-51.57897019	0.01777335	0.00655889	-0.89856836
1.35800000	-51.54342349	0.01778647	0.00429120	-0.58789482
1.36000000	-51.50785055	0.01779505	0.00204340	-0.27994629
1.36200000	-51.47226045	0.01779914	-0.00018413	0.02522601
1.36400000	-51.43666217	0.01779877	-0.00239104	0.32757199
1.36600000	-51.40106463	0.01779399	-0.00457695	0.62704273
1.36800000	-51.36547666	0.01778483	-0.00674154	0.92359048
1.37000000	-51.32990699	0.01777135	-0.00888444	1.21716866
1.37200000	-51.29436429	0.01775358	-0.01100534	1.50773185
1.37400000	-51.25885712	0.01773157	-0.01310391	1.79523580
1.37600000	-51.22339398	0.01770536	-0.01517984	2.07963743
1.37800000	-51.18798325	0.01767500	-0.01723281	2.36089482
1.38000000	-51.15263325	0.01764054	-0.01926253	2.63896723
1.38200000	-51.11735217	0.01760201	-0.02126872	2.91381509
1.38400000	-51.08214814	0.01755948	-0.02325109	3.18539997
1.38600000	-51.04702919	0.01751297	-0.02520938	3.45368463
1.38800000	-51.01200324	0.01746255	-0.02714331	3.71863299
1.39000000	-50.97707813	0.01740827	-0.02905263	3.98021013
1.39200000	-50.94226160	0.01735016	-0.03093710	4.23838227
1.39400000	-50.90756127	0.01728829	-0.03279647	4.49311681
1.39600000	-50.87298470	0.01722270	-0.03463053	4.74438230
1.39800000	-50.83853930	0.01715343	-0.03643904	4.99214844
1.40000000	-50.80423243	0.01708056	-0.03822180	5.23638608
1.40200000	-50.77007132	0.01700411	-0.03997859	5.47706721
1.40400000	-50.73606310	0.01692416	-0.04170923	5.71416496
1.40600000	-50.70221478	0.01684074	-0.04341353	5.94765360
1.40800000	-50.66853331	0.01675391	-0.04509130	6.17750855
1.41000000	-50.63502549	0.01666373	-0.04674238	6.40370633
1.41200000	-50.60169803	0.01657024	-0.04836660	6.62622460
1.41400000	-50.56855755	0.01647351	-0.04996381	6.84504215
1.41600000	-50.53561053	0.01637358	-0.05153386	7.06013886
1.41800000	-50.50286336	0.01627051	-0.05307661	7.27149574
1.42000000	-50.47032234	0.01616436	-0.05459193	7.47909488
1.42200000	-50.43799361	0.01605518	-0.05607970	7.68291951
1.42400000	-50.40588326	0.01594302	-0.05753981	7.88295391
1.42600000	-50.37399722	0.01582794	-0.05897214	8.07918346
1.42800000	-50.34234135	0.01570999	-0.06037660	8.27159462
1.43000000	-50.31092136	0.01558924	-0.06175310	8.46017494
1.43200000	-50.27974288	0.01546573	-0.06310155	8.64491300
1.43400000	-50.24881141	0.01533953	-0.06442189	8.82579846
1.43600000	-50.21813235	0.01521069	-0.06571403	9.00282205
1.43800000	-50.18771097	0.01507926	-0.06697792	9.17597550
1.44000000	-50.15755245	0.01494530	-0.06821352	9.34525161
1.44200000	-50.12766184	0.01480888	-0.06942076	9.51064420
1.44400000	-50.09804409	0.01467004	-0.07059962	9.67214812
1.44600000	-50.06870402	0.01452884	-0.07175007	9.82975921
1.44800000	-50.03964635	0.01438534	-0.07287208	9.98347434
1.45000000	-50.01087568	0.01423959	-0.07396563	10.13329135
1.45200000	-49.98239649	0.01409166	-0.07503072	10.27920909
1.45400000	-49.95421317	0.01394160	-0.07606735	10.42122737
1.45600000	-49.92632997	0.01378946	-0.07707553	10.55934700
1.45800000	-49.89875105	0.01363531	-0.07805525	10.69356970
1.46000000	-49.87148042	0.01347920	-0.07900656	10.82389820
1.46200000	-49.84452201	0.01332119	-0.07992946	10.95033612
1.46400000	-49.81787963	0.01316133	-0.08082400	11.07288805
1.46600000	-49.79155697	0.01299968	-0.08169022	11.19155947
1.46800000	-49.76555761	0.01283630	-0.08252815	11.30635679
1.47000000	-49.73988500	0.01267125	-0.08333786	11.41728733
1.47200000	-49.71454251	0.01250457	-0.08411941	11.52435929
1.47400000	-49.68953337	0.01233633	-0.08487286	11.62758175
1.47600000	-49.66486071	0.01216659	-0.08559828	11.72696467
1.47800000	-49.64052754	0.01199539	-0.08629576	11.82251886
1.48000000	-49.61653676	0.01182280	-0.08696537	11.91425599
1.48200000	-49.59289116	0.01164887	-0.08760722	12.00218856
1.48400000	-49.56959343	0.01147365	-0.08822139	12.08632992
1.48600000	-49.54664612	0.01129721	-0.08880799	12.16669421
1.48800000	-49.52405171	0.01111959	-0.08936713	12.24329639
1.49000000	-49.50181252	0.01094086	-0.08989892	12.31615222
1.49200000	-49.47993080	0.01076106	-0.09040349	12.38527823
1.49400000	-49.45840868	0.01058025	-0.09088096	12.45069174
1.49600000	-49.43724817	0.01039849	-0.09133147	12.51241081
1.49800000	-49.41645118	0.01021583	-0.09175514	12.57045428
1.50000000	-49.39601952	0.01003232	-0.09215213	12.62484171
1.50200000	-49.37595488	0.00984802	-0.09252258	12.67559337
1.50400000	-49.35625885	0.00966297	-0.09286664	12.72273027
1.50600000	-49.33693291	0.00947724	-0.09318448	12.76627413
1.50800000	-49.31797844	0.00929087	-0.09347626	12.80624732
1.51000000	-49.29939670	0.00910392	-0.09374214	12.84267294
1.51200000	-49.28118887	0.00891643	-0.09398230	12.87557472
1.51400000	-49.26335601	0.00872847	-0.09419691	12.90497706
1.51600000	-49.24589908	0.00854007	-0.09438617	12.93090500
1.51800000	-49.22881893	0.00835130	-0.09455025	12.95338422
1.52000000	-49.21211633	0.00816220	-0.09468935	12.97244100
1.52200000	-49.19579193	0.00797282	-0.09480367	12.98810224
1.52400000	-49.17984629	0.00778321	-0.09489340	13.00039543
1.52600000	-49.16427986	0.00759343	-0.09495875	13.00934865
1.52800000	-49.14909301	0.00740351	-0.09499993	13.01499053
1.53000000	-49.13428599	0.00721351	-0.09501716	13.01735028
1.53200000	-49.11985897	0.00702348	-0.09501064	13.01645764
1.53400000	-49.10581202	0.00683345	-0.09498061	13.01234289
1.53600000	-49.09214511	0.00664349	-0.09492728	13.00503682
1.53800000	-49.07885813	0.00645364	-0.09485088	12.99457074
1.54000000	-49.06595085	0.00626394	-0.09475165	12.98097644
1.54200000	-49.05342298	0.00607443	-0.09462983	12.96428621
1.54400000	-49.04127411	0.00588517	-0.09448564	12.94453280
1.54600000	-49.02950377	0.00569620	-0.09431934	12.92174942
1.54800000	-49.01811136	0.00550756	-0.09413117	12.89596971
1.55000000	-49.00709623	0.00531930	-0.09392137	12.86722778
1.55200000	-48.99645763	0.00513146	-0.09369021	12.83555811
1.55400000	-48.98619472	0.00494408	-0.09343792	12.80099564
1.55600000	-48.97630656	0.00475720	-0.09316479	12.76357567
1.55800000	-48.96679215	0.00457087	-0.09287105	12.72333388
1.56000000	-48.95765041	0.00438513	-0.09255698	12.68030635
1.56200000	-48.94888015	0.00420002	-0.09222284	12.63452949
1.56400000	-48.94048012	0.00401557	-0.09186891	12.58604008
1.56600000	-48.93244897	0.00383183	-0.09149544	12.53487521
1.56800000	-48.92478531	0.00364884	-0.09110272	12.48107230
1.57000000	-48.91748762	0.00346664	-0.09069102	12.42466908
1.57200000	-48.91055435	0.00328525	-0.09026061	12.36570359
1.57400000	-48.90398384	0.00310473	-0.08981178	12.30421412
1.57600000	-48.89777437	0.00292511	-0.08934481	12.24023928
1.57800000	-48.89192415	0.00274642	-0.08885998	12.17381789
1.58000000	-48.88643131	0.00256870	-0.08835758	12.10498905
1.58200000	-48.88129391	0.00239199	-0.08783790	12.03379210
1.58400000	-48.87650994	0.00221631	-0.08730122	11.96026658
1.58600000	-48.87207732	0.00204171	-0.08674783	11.88445226
1.58800000	-48.86799391	0.00186821	-0.08617802	11.80638910
1.59000000	-48.86425749	0.00169586	-0.08559210	11.72611726
1.59200000	-48.86086578	0.00152467	-0.08499034	11.64367708
1.59400000	-48.85781643	0.00135469	-0.08437306	11.55910904
1.59600000	-48.85510705	0.00118594	-0.08374054	11.47245380
1.59800000	-48.85273517	0.00101846	-0.08309308	11.38375215
1.60000000	-48.85069824	0.00085228	-0.08243099	11.29304502
1.60200000	-48.84899368	0.00068742	-0.08175455	11.20037344
1.60400000	-48.84761885	0.00052391	-0.08106408	11.10577858
1.60600000	-48.84657104	0.00036178	-0.08035987	11.00930168
1.60800000	-48.84584749	0.00020106	-0.07964222	10.91098408
1.61000000	-48.84544537	0.00004177	-0.07891144	10.81086718
1.61200000	-48.84536182	-0.00011605	-0.07816783	10.70899246
1.61400000	-48.84559392	-0.00027238	-0.07741169	10.60540145
1.61600000	-48.84613869	-0.00042721	-0.07664333	10.50013571
1.61800000	-48.84699311	-0.00058049	-0.07586304	10.39323684
1.62000000	-48.84815410	-0.00073222	-0.07507114	10.28474647
1.62200000	-48.84961854	-0.00088236	-0.07426793	10.17470623
1.62400000	-48.85138327	-0.00103090	-0.07345371	10.06315774
1.62600000	-48.85344507	-0.00117781	-0.07262878	9.95014264
1.62800000	-48.85580068	-0.00132306	-0.07179345	9.83570252
1.63000000	-48.85844681	-0.00146665	-0.07094802	9.71987894
1.63200000	-48.86138011	-0.00160855	-0.07009280	9.60271344
1.63400000	-48.86459720	-0.00174873	-0.06922808	9.48424751
1.63600000	-48.86809467	-0.00188719	-0.06835418	9.36452254
1.63800000	-48.87186905	-0.00202390	-0.06747139	9.24357990
1.64000000	-48.87591684	-0.00215884	-0.06658001	9.12146084
1.64200000	-48.88023452	-0.00229200	-0.06568034	8.99820655
1.64400000	-48.88481852	-0.00242336	-0.06477269	8.87385811
1.64600000	-48.88966524	-0.00255291	-0.06385735	8.74845649
1.64800000	-48.89477106	-0.00268062	-0.06293462	8.62204253
1.65000000	-48.90013230	-0.00280649	-0.06200480	8.49465698
1.65200000	-48.90574528	-0.00293050	-0.06106818	8.36634041
1.65400000	-48.91160628	-0.00305264	-0.06012506	8.23713329
1.65600000	-48.91771155	-0.00317289	-0.05917574	8.10707590
1.65800000	-48.92405732	-0.00329124	-0.05822050	7.97620838
1.66000000	-48.93063980	-0.00340768	-0.05725964	7.84457069
1.66200000	-48.93745515	-0.00352220	-0.05629345	7.71220262
1.66400000	-48.94449955	-0.00363478	-0.05532222	7.57914378
1.66600000	-48.95176912	-0.00374543	-0.05434623	7.44543355
1.66800000	-48.95925998	-0.00385412	-0.05336577	7.31111116
1.67000000	-48.96696822	-0.00396085	-0.05238114	7.17621558
1.67200000	-48.97488993	-0.00406562	-0.05139260	7.04078560
1.67400000	-48.98302116	-0.00416840	-0.05040044	6.90485977
1.67600000	-48.99135796	-0.00426920	-0.04940494	6.76847639
1.67800000	-48.99989636	-0.00436801	-0.04840638	6.63167355
1.68000000	-49.00863238	-0.00446482	-0.04740503	6.49448906
1.68200000	-49.01756203	-0.00455963	-0.04640117	6.35696051
1.68400000	-49.02668130	-0.00465244	-0.04539507	6.21912521
1.68600000	-49.03598617	-0.00474323	-0.04438701	6.08102019
1.68800000	-49.04547263	-0.00483200	-0.04337724	5.94268223
1.69000000	-49.05513663	-0.00491876	-0.04236604	5.80414780
1.69200000	-49.06497414	-0.00500349	-0.04135367	5.66545311
1.69400000	-49.07498111	-0.00508619	-0.04034039	5.52663405
1.69600000	-49.08515350	-0.00516688	-0.03932647	5.38772623
1.69800000	-49.09548725	-0.00524553	-0.03831215	5.24876494
1.70000000	-49.10597831	-0.00532215	-0.03729770	5.10978516
1.70200000	-49.11662261	-0.00539675	-0.03628337	4.97082155
1.70400000	-49.12741611	-0.00546931	-0.03526940	4.83190845
1.70600000	-49.13835474	-0.00553985	-0.03425606	4.69307988
1.70800000	-49.14943445	-0.00560837	-0.03324357	4.55436949
1.71000000	-49.16065118	-0.00567485	-0.03223219	4.41581063
1.71200000	-49.17200088	-0.00573932	-0.03122216	4.27743628
1.71400000	-49.18347952	-0.00580176	-0.03021372	4.13927907
1.71600000	-49.19508304	-0.00586219	-0.02920709	4.00137130
1.71800000	-49.20680742	-0.00592060	-0.02820252	3.86374487
1.72000000	-49.21864863	-0.00597701	-0.02720023	3.72643134
1.72200000	-49.23060264	-0.00603141	-0.02620045	3.58946190
1.72400000	-49.24266546	-0.00608381	-0.02520341	3.45286737
1.72600000	-49.25483308	-0.00613422	-0.02420933	3.31667817
1.72800000	-49.26710151	-0.00618264	-0.02321843	3.18092436
1.73000000	-49.27946678	-0.00622907	-0.02223092	3.04563561
1.73200000	-49.29192493	-0.00627353	-0.02124702	2.91084120
1.73400000	-49.30447199	-0.00631603	-0.02026693	2.77657000
1.73600000	-49.31710405	-0.00635656	-0.01929088	2.64285052
1.73800000	-49.32981717	-0.00639514	-0.01831906	2.50971083
1.74000000	-49.34260746	-0.00643178	-0.01735167	2.37717861
1.74200000	-49.35547102	-0.00646648	-0.01638891	2.24528116
1.74400000	-49.36840399	-0.00649926	-0.01543099	2.11404533
1.74600000	-49.38140252	-0.00653012	-0.01447808	1.98349758
1.74800000	-49.39446277	-0.00655908	-0.01353039	1.85366395
1.75000000	-49.40758093	-0.00658614	-0.01258810	1.72457006
1.75200000	-49.42075321	-0.00661132	-0.01165140	1.59624112
1.75400000	-49.43397585	-0.00663462	-0.01072045	1.46870191
1.75600000	-49.44724509	-0.00665606	-0.00979545	1.34197677
1.75800000	-49.46055721	-0.00667565	-0.00887657	1.21608964
1.76000000	-49.47390852	-0.00669341	-0.00796397	1.09106401
1.76200000	-49.48729533	-0.00670933	-0.00705783	0.96692295
1.76400000	-49.50071399	-0.00672345	-0.00615831	0.84368910
1.76600000	-49.51416089	-0.00673577	-0.00526558	0.72138466
1.76800000	-49.52763242	-0.00674630	-0.00437979	0.60003138
1.77000000	-49.54112502	-0.00675506	-0.00350110	0.47965061
1.77200000	-49.55463513	-0.00676206	-0.00262966	0.36026322
1.77400000	-49.56815925	-0.00676732	-0.00176562	0.24188966
1.77600000	-49.58169388	-0.00677085	-0.00090912	0.12454995
1.77800000	-49.59523558	-0.00677267	-0.00006032	0.00826365
1.78000000	-49.60878092	-0.00677279	0.00078066	-0.10695011
1.78200000	-49.62232649	-0.00677123	0.00161367	-0.22107265
1.78400000	-49.63586895	-0.00676800	0.00243858	-0.33408574
1.78600000	-49.64940495	-0.00676312	0.00325527	-0.44597157
1.78800000	-49.66293119	-0.00675661	0.00406360	-0.55671281
1.79000000	-49.67644442	-0.00674848	0.00486345	-0.66629253
1.79200000	-49.68994138	-0.00673876	0.00565470	-0.77469429
1.79400000	-49.70341890	-0.00672745	0.00643724	-0.88190205
1.79600000	-49.71687380	-0.00671457	0.00721095	-0.98790026
1.79800000	-49.73030294	-0.00670015	0.00797572	-1.09267378
1.80000000	-49.74370325	-0.00668420	0.00873144	-1.19620793
1.80200000	-49.75707165	-0.00666674	0.00947802	-1.29848846
1.80400000	-49.77040512	-0.00664778	0.01021534	-1.39950157
1.80600000	-49.78370069	-0.00662735	0.01094331	-1.49923392
1.80800000	-49.79695539	-0.00660546	0.01166184	-1.59767257
1.81000000	-49.81016632	-0.00658214	0.01237084	-1.69480507
1.81200000	-49.82333060	-0.00655740	0.01307021	-1.79061937
1.81400000	-49.83644540	-0.00653126	0.01375988	-1.88510387
1.81600000	-49.84950791	-0.00650374	0.01443976	-1.97824742
1.81800000	-49.86251539	-0.00647486	0.01510978	-2.07003928
1.82000000	-49.87546511	-0.00644464	0.01576985	-2.16046918
1.82200000	-49.88835439	-0.00641310	0.01641991	-2.24952725
1.82400000	-49.90118059	-0.00638026	0.01705988	-2.33720407
1.82600000	-49.91394111	-0.00634614	0.01768971	-2.42349064
1.82800000	-49.92663339	-0.00631076	0.01830933	-2.50837840
1.83000000	-49.93925491	-0.00627414	0.01891868	-2.59185921
1.83200000	-49.95180320	-0.00623630	0.01951770	-2.67392534
1.83400000	-49.96427581	-0.00619727	0.02010635	-2.75456951
1.83600000	-49.97667034	-0.00615706	0.02068456	-2.83378484
1.83800000	-49.98898446	-0.00611569	0.02125230	-2.91156488
1.84000000	-50.00121583	-0.00607318	0.02180952	-2.98790358
1.84200000	-50.01336220	-0.00602956	0.02235617	-3.06279532
1.84400000	-50.02542133	-0.00598485	0.02289223	-3.13623489
1.84600000	-50.03739103	-0.00593907	0.02341765	-3.20821748
1.84800000	-50.04926917	-0.00589223	0.02393240	-3.27873868
1.85000000	-50.06105363	-0.00584437	0.02443646	-3.34779450
1.85200000	-50.07274236	-0.00579549	0.02492979	-3.41538135
1.85400000	-50.08433335	-0.00574563	0.02541238	-3.48149603
1.85600000	-50.09582462	-0.00569481	0.02588420	-3.54613572
1.85800000	-50.10721424	-0.00564304	0.02634524	-3.60929803
1.86000000	-50.11850032	-0.00559035	0.02679548	-3.67098092
1.86200000	-50.12968103	-0.00553676	0.02723491	-3.73118276
1.86400000	-50.14075455	-0.00548229	0.02766352	-3.78990230
1.86600000	-50.15171913	-0.00542696	0.02808130	-3.84713866
1.86800000	-50.16257305	-0.00537080	0.02848826	-3.90289134
1.87000000	-50.17331465	-0.00531382	0.02888438	-3.95716021
1.87200000	-50.18394230	-0.00525606	0.02926968	-4.00994552
1.87400000	-50.19445441	-0.00519752	0.02964415	-4.06124789
1.87600000	-50.20484945	-0.00513823	0.03000780	-4.11106827
1.87800000	-50.21512590	-0.00507821	0.03036064	-4.15940800
1.88000000	-50.22528232	-0.00501749	0.03070269	-4.20626877
1.88200000	-50.23531731	-0.00495609	0.03103396	-4.25165262
1.88400000	-50.24522948	-0.00489402	0.03135447	-4.29556192
1.88600000	-50.25501751	-0.00483131	0.03166423	-4.33799941
1.88800000	-50.26468013	-0.00476798	0.03196327	-4.37896816
1.89000000	-50.27421609	-0.00470405	0.03225162	-4.41847157
1.89200000	-50.28362420	-0.00463955	0.03252929	-4.45651338
1.89400000	-50.29290330	-0.00457449	0.03279633	-4.49309765
1.89600000	-50.30205228	-0.00450890	0.03305276	-4.52822877
1.89800000	-50.31107008	-0.00444279	0.03329862	-4.56191146
1.90000000	-50.31995567	-0.00437620	0.03353395	-4.59415074
1.90200000	-50.32870806	-0.00430913	0.03375877	-4.62495195
1.90400000	-50.33732632	-0.00424161	0.03397314	-4.65432073
1.90600000	-50.34580954	-0.00417366	0.03417710	-4.68226302
1.90800000	-50.35415687	-0.00410531	0.03437069	-4.70878509
1.91000000	-50.36236749	-0.00403657	0.03455397	-4.73389346
1.91200000	-50.37044062	-0.00396746	0.03472697	-4.75759498
1.91400000	-50.37837555	-0.00389801	0.03488976	-4.77989675
1.91600000	-50.38617156	-0.00382823	0.03504238	-4.80080619
1.91800000	-50.39382802	-0.00375814	0.03518490	-4.82033096
1.92000000	-50.40134430	-0.00368777	0.03531737	-4.83847902
1.92200000	-50.40871985	-0.00361714	0.03543984	-4.85525859
1.92400000	-50.41595412	-0.00354626	0.03555240	-4.87067814
1.92600000	-50.42304664	-0.00347515	0.03565508	-4.88474643
1.92800000	-50.42999695	-0.00340384	0.03574797	-4.89747243
1.93000000	-50.43680464	-0.00333235	0.03583113	-4.90886541
1.93200000	-50.44346933	-0.00326069	0.03590463	-4.91893484
1.93400000	-50.44999070	-0.00318888	0.03596854	-4.92769047
1.93600000	-50.45636845	-0.00311694	0.03602294	-4.93514226
1.93800000	-50.46260233	-0.00304489	0.03606789	-4.94130041
1.94000000	-50.46869212	-0.00297276	0.03610347	-4.94617534
1.94200000	-50.47463763	-0.00290055	0.03612976	-4.94977770
1.94400000	-50.48043874	-0.00282829	0.03614685	-4.95211837
1.94600000	-50.48609532	-0.00275600	0.03615481	-4.95320841
1.94800000	-50.49160731	-0.00268369	0.03615372	-4.95305912
1.95000000	-50.49697469	-0.00261138	0.03614366	-4.95168198
1.95200000	-50.50219745	-0.00253909	0.03612473	-4.94908868
1.95400000	-50.50727563	-0.00246684	0.03609702	-4.94529110
1.95600000	-50.51220932	-0.00239465	0.03606059	-4.94030132
1.95800000	-50.51699862	-0.00232253	0.03601556	-4.93413159
1.96000000	-50.52164367	-0.00225050	0.03596200	-4.92679434
1.96200000	-50.52614467	-0.00217857	0.03590002	-4.91830219
1.96400000	-50.53050182	-0.00210677	0.03582969	-4.90866791
1.96600000	-50.53471536	-0.00203511	0.03575113	-4.89790445
1.96800000	-50.53878559	-0.00196361	0.03566442	-4.88602491
1.97000000	-50.54271281	-0.00189228	0.03556965	-4.87304257
1.97200000	-50.54649738	-0.00182114	0.03546694	-4.85897082
1.97400000	-50.55013966	-0.00175021	0.03535637	-4.84382324
1.97600000	-50.55364008	-0.00167950	0.03523805	-4.82761351
1.97800000	-50.55699908	-0.00160902	0.03511208	-4.81035548
1.98000000	-50.56021712	-0.00153880	0.03497856	-4.79206312
1.98200000	-50.56329471	-0.00146884	0.03483760	-4.77275053
1.98400000	-50.56623239	-0.00139916	0.03468928	-4.75243192
1.98600000	-50.56903072	-0.00132979	0.03453373	-4.73112164
1.98800000	-50.57169029	-0.00126072	0.03437105	-4.70883414
1.99000000	-50.57421172	-0.00119198	0.03420134	-4.68558398
1.99200000	-50.57659567	-0.00112357	0.03402471	-4.66138582
1.99400000	-50.57884282	-0.00105552	0.03384127	-4.63625444
1.99600000	-50.58095387	-0.00098784	0.03365113	-4.61020469
1.99800000	-50.58292955	-0.00092054	0.03345439	-4.58325152
